# relative_time, cycles_done, cur_path, paths_total, pending_total, pending_favs, map_size, unique_crashes, unique_hangs, max_depth, execs_per_sec, total_execs, edges_found
61, 0, 371, 377, 157, 28, 0.00%, 0, 0, 2, 281.23, 20063, 309
66, 0, 371, 377, 157, 28, 0.00%, 0, 0, 2, 279.53, 21473, 309
71, 0, 371, 377, 157, 28, 0.00%, 0, 0, 2, 283.38, 22893, 309
76, 0, 371, 377, 157, 28, 0.00%, 0, 0, 2, 291.99, 24373, 309
81, 0, 371, 377, 157, 28, 0.00%, 0, 0, 2, 295.66, 25858, 309
86, 0, 371, 377, 157, 28, 0.00%, 0, 0, 2, 278.59, 27263, 309
91, 0, 371, 377, 157, 28, 0.00%, 0, 0, 2, 271.20, 28683, 309
96, 0, 371, 377, 157, 28, 0.00%, 0, 0, 2, 302.42, 29968, 309
102, 0, 371, 377, 157, 28, 0.00%, 0, 0, 2, 291.76, 31398, 309
107, 0, 371, 377, 157, 28, 0.00%, 0, 0, 2, 267.42, 32683, 309
112, 0, 371, 377, 157, 28, 0.00%, 0, 0, 2, 247.13, 33838, 309
117, 0, 371, 377, 157, 28, 0.00%, 0, 0, 2, 268.11, 35148, 309
122, 0, 371, 377, 157, 28, 0.00%, 0, 0, 2, 286.97, 36588, 309
127, 0, 371, 377, 157, 28, 0.00%, 0, 0, 2, 44.35, 38028, 309
132, 0, 371, 377, 157, 28, 0.00%, 0, 0, 2, 280.03, 39403, 309
137, 0, 371, 377, 157, 28, 0.00%, 0, 0, 2, 278.95, 40808, 309
142, 0, 371, 377, 157, 28, 0.00%, 0, 0, 2, 297.19, 42328, 309
147, 0, 371, 377, 157, 28, 0.00%, 0, 0, 2, 302.06, 43846, 309
153, 0, 371, 377, 157, 28, 0.00%, 0, 0, 2, 295.52, 45333, 309
158, 0, 371, 377, 157, 28, 0.00%, 0, 0, 2, 291.64, 46833, 309
163, 0, 188, 377, 156, 27, 0.00%, 0, 0, 2, 340.35, 48482, 309
168, 0, 188, 377, 156, 27, 0.00%, 0, 0, 2, 414.90, 50732, 309
173, 0, 188, 377, 156, 27, 0.00%, 0, 0, 2, 430.53, 52940, 309
178, 0, 188, 377, 156, 27, 0.00%, 0, 0, 2, 432.58, 55140, 309
183, 0, 309, 382, 160, 26, 0.00%, 0, 0, 2, 321.36, 56704, 312
188, 0, 309, 383, 161, 26, 0.00%, 0, 0, 2, 262.16, 57933, 314
193, 0, 309, 383, 161, 26, 0.00%, 0, 0, 2, 253.19, 59188, 314
198, 0, 309, 383, 161, 26, 0.00%, 0, 0, 2, 246.86, 60406, 314
203, 0, 309, 383, 161, 26, 0.00%, 0, 0, 2, 247.58, 61686, 314
208, 0, 309, 383, 161, 26, 0.00%, 0, 0, 2, 248.58, 62926, 314
213, 0, 309, 384, 162, 26, 0.00%, 0, 0, 2, 249.44, 64174, 315
219, 0, 309, 384, 162, 26, 0.00%, 0, 0, 2, 247.68, 65462, 315
224, 0, 309, 384, 162, 26, 0.00%, 0, 0, 2, 246.44, 66738, 315
229, 0, 309, 384, 162, 26, 0.00%, 0, 0, 2, 234.48, 67902, 315
234, 0, 309, 385, 163, 26, 0.00%, 0, 0, 2, 219.62, 68952, 316
240, 0, 309, 385, 163, 26, 0.00%, 0, 0, 2, 241.07, 70202, 316
245, 0, 309, 385, 163, 26, 0.00%, 0, 0, 2, 244.27, 71478, 316
250, 0, 309, 385, 163, 26, 0.00%, 0, 0, 2, 244.13, 72722, 316
255, 0, 309, 385, 163, 26, 0.00%, 0, 0, 2, 246.45, 74002, 316
260, 0, 309, 385, 163, 26, 0.00%, 0, 0, 2, 239.24, 75202, 316
265, 0, 309, 385, 163, 26, 0.00%, 0, 0, 2, 244.11, 76466, 316
270, 0, 309, 385, 163, 26, 0.00%, 0, 0, 2, 239.80, 77690, 316
275, 0, 309, 385, 163, 26, 0.00%, 0, 0, 2, 245.44, 78918, 316
280, 0, 309, 385, 163, 26, 0.00%, 0, 0, 2, 249.15, 80218, 316
286, 0, 309, 385, 163, 26, 0.00%, 0, 0, 2, 241.34, 81470, 316
291, 0, 309, 385, 163, 26, 0.00%, 0, 0, 2, 241.55, 82694, 316
296, 0, 309, 385, 163, 26, 0.00%, 0, 0, 2, 237.40, 83882, 316
301, 0, 309, 385, 163, 26, 0.00%, 0, 0, 2, 241.35, 85146, 316
306, 0, 309, 385, 163, 26, 0.00%, 0, 0, 2, 239.42, 86390, 316
311, 0, 309, 385, 163, 26, 0.00%, 0, 0, 2, 240.42, 87598, 316
316, 0, 309, 385, 163, 26, 0.00%, 0, 0, 2, 240.88, 88794, 316
322, 0, 370, 385, 162, 29, 0.00%, 0, 0, 2, 366.07, 90765, 316
327, 0, 370, 385, 162, 29, 0.00%, 0, 0, 2, 397.83, 92872, 316
332, 0, 370, 385, 162, 29, 0.00%, 0, 0, 2, 398.13, 94889, 316
337, 0, 370, 385, 162, 29, 0.00%, 0, 0, 2, 402.09, 96907, 316
342, 0, 373, 387, 163, 28, 0.00%, 0, 0, 3, 325.52, 98514, 316
347, 0, 373, 387, 163, 28, 0.00%, 0, 0, 3, 297.53, 99983, 316
352, 0, 373, 387, 163, 28, 0.00%, 0, 0, 3, 236.07, 101154, 316
357, 0, 373, 387, 163, 28, 0.00%, 0, 0, 3, 285.44, 102613, 316
362, 0, 373, 387, 163, 28, 0.00%, 0, 0, 3, 300.76, 104196, 316
368, 0, 373, 387, 163, 28, 0.00%, 0, 0, 3, 297.62, 105688, 316
373, 0, 373, 387, 163, 28, 0.00%, 0, 0, 3, 292.87, 107218, 316
378, 0, 373, 387, 163, 28, 0.00%, 0, 0, 3, 298.43, 108763, 316
383, 0, 373, 387, 163, 28, 0.00%, 0, 0, 3, 297.44, 110298, 316
388, 0, 373, 387, 163, 28, 0.00%, 0, 0, 3, 281.55, 111713, 316
393, 0, 373, 387, 163, 28, 0.00%, 0, 0, 3, 290.56, 113228, 316
398, 0, 373, 387, 163, 28, 0.00%, 0, 0, 3, 284.34, 114698, 316
404, 0, 373, 387, 163, 28, 0.00%, 0, 0, 3, 265.47, 116058, 316
409, 0, 373, 387, 163, 28, 0.00%, 0, 0, 3, 284.39, 117493, 316
414, 0, 373, 387, 163, 28, 0.00%, 0, 0, 3, 290.16, 118983, 316
419, 0, 373, 387, 163, 28, 0.00%, 0, 0, 3, 300.02, 120558, 316
424, 0, 373, 387, 163, 28, 0.00%, 0, 0, 3, 289.07, 122023, 316
429, 0, 373, 387, 163, 28, 0.00%, 0, 0, 3, 294.42, 123493, 316
434, 0, 373, 387, 163, 28, 0.00%, 0, 0, 3, 291.53, 125018, 316
439, 0, 373, 387, 163, 28, 0.00%, 0, 0, 3, 281.90, 126398, 316
444, 0, 373, 387, 163, 28, 0.00%, 0, 0, 3, 259.42, 127698, 316
449, 0, 373, 387, 163, 28, 0.00%, 0, 0, 3, 256.67, 128968, 316
454, 0, 375, 388, 163, 28, 0.00%, 0, 0, 3, 329.96, 130646, 317
460, 0, 375, 389, 164, 28, 0.00%, 0, 0, 3, 389.86, 132753, 317
465, 0, 375, 389, 164, 28, 0.00%, 0, 0, 3, 411.10, 134856, 317
470, 0, 375, 389, 164, 28, 0.00%, 0, 0, 3, 419.00, 136968, 317
475, 0, 379, 393, 167, 28, 0.00%, 0, 0, 3, 333.30, 138721, 320
480, 0, 379, 394, 168, 28, 0.00%, 0, 0, 3, 253.83, 139870, 320
485, 0, 379, 394, 168, 28, 0.00%, 0, 0, 3, 249.90, 141155, 320
490, 0, 379, 396, 170, 28, 0.00%, 0, 0, 3, 246.25, 142415, 325
495, 0, 379, 397, 171, 28, 0.00%, 0, 0, 3, 247.00, 143699, 326
501, 0, 379, 397, 171, 28, 0.00%, 0, 0, 3, 238.17, 144983, 326
506, 0, 379, 397, 171, 28, 0.00%, 0, 0, 3, 230.73, 146127, 326
511, 0, 379, 397, 171, 28, 0.00%, 0, 0, 3, 222.96, 147235, 326
516, 0, 379, 397, 171, 28, 0.00%, 0, 0, 3, 224.40, 148347, 326
521, 0, 379, 397, 171, 28, 0.00%, 0, 0, 3, 221.12, 149463, 326
526, 0, 379, 397, 171, 28, 0.00%, 0, 0, 3, 231.79, 150523, 326
531, 0, 379, 397, 171, 28, 0.00%, 0, 0, 3, 242.14, 151795, 326
537, 0, 379, 397, 171, 28, 0.00%, 0, 0, 3, 241.46, 153055, 326
542, 0, 379, 397, 171, 28, 0.00%, 0, 0, 3, 235.14, 154223, 326
547, 0, 379, 398, 172, 28, 0.00%, 0, 0, 3, 221.63, 155243, 327
552, 0, 379, 398, 172, 28, 0.00%, 0, 0, 3, 223.73, 156379, 327
557, 0, 379, 398, 172, 28, 0.00%, 0, 0, 3, 240.83, 157399, 327
562, 0, 379, 398, 172, 28, 0.00%, 0, 0, 3, 238.88, 158475, 327
567, 0, 379, 398, 172, 28, 0.00%, 0, 0, 3, 239.48, 159615, 327
572, 0, 379, 399, 173, 28, 0.00%, 0, 0, 3, 231.19, 160763, 328
577, 0, 379, 399, 173, 28, 0.00%, 0, 0, 3, 234.00, 161927, 328
582, 0, 379, 399, 173, 28, 0.00%, 0, 0, 3, 233.72, 163039, 328
587, 0, 379, 399, 173, 28, 0.00%, 0, 0, 3, 244.18, 164187, 328
593, 0, 379, 399, 173, 28, 0.00%, 0, 0, 3, 211.74, 165163, 328
598, 0, 379, 399, 173, 28, 0.00%, 0, 0, 3, 208.97, 166219, 328
603, 0, 379, 399, 173, 28, 0.00%, 0, 0, 3, 209.88, 167207, 328
608, 0, 379, 399, 173, 28, 0.00%, 0, 0, 3, 228.95, 168367, 328
613, 0, 379, 399, 173, 28, 0.00%, 0, 0, 3, 244.74, 169639, 328
618, 0, 379, 399, 173, 28, 0.00%, 0, 0, 3, 247.76, 170931, 328
623, 0, 374, 399, 172, 33, 0.00%, 0, 0, 3, 374.47, 172879, 328
628, 0, 374, 399, 172, 33, 0.00%, 0, 0, 3, 417.44, 175031, 328
633, 0, 374, 399, 172, 33, 0.00%, 0, 0, 3, 425.99, 177231, 328
639, 0, 312, 399, 171, 32, 0.00%, 0, 0, 3, 412.85, 179407, 328
644, 0, 312, 404, 176, 32, 0.00%, 0, 0, 3, 210.92, 180134, 331
649, 0, 312, 406, 178, 32, 0.00%, 0, 0, 3, 159.85, 180875, 334
654, 0, 312, 406, 178, 32, 0.00%, 0, 0, 3, 151.53, 181610, 334
659, 0, 312, 406, 178, 32, 0.00%, 0, 0, 3, 154.41, 182393, 334
664, 0, 312, 407, 179, 32, 0.00%, 0, 0, 3, 153.37, 183190, 334
669, 0, 312, 408, 180, 32, 0.00%, 0, 0, 3, 144.65, 183878, 335
674, 0, 312, 408, 180, 32, 0.00%, 0, 0, 3, 148.02, 184644, 335
679, 0, 312, 408, 180, 32, 0.00%, 0, 0, 3, 149.36, 185410, 335
685, 0, 312, 408, 180, 32, 0.00%, 0, 0, 3, 151.86, 186177, 335
690, 0, 312, 408, 180, 32, 0.00%, 0, 0, 3, 151.61, 186945, 335
695, 0, 312, 408, 180, 32, 0.00%, 0, 0, 3, 147.16, 187696, 335
700, 0, 312, 408, 180, 32, 0.00%, 0, 0, 3, 144.11, 188410, 335
705, 0, 312, 408, 180, 32, 0.00%, 0, 0, 3, 137.33, 189106, 335
710, 0, 312, 408, 180, 32, 0.00%, 0, 0, 3, 147.29, 189870, 335
715, 0, 312, 408, 180, 32, 0.00%, 0, 0, 3, 151.85, 190638, 335
720, 0, 312, 408, 180, 32, 0.00%, 0, 0, 3, 149.19, 191392, 335
725, 0, 312, 408, 180, 32, 0.00%, 0, 0, 3, 149.71, 192156, 335
730, 0, 312, 408, 180, 32, 0.00%, 0, 0, 3, 146.38, 192878, 335
735, 0, 312, 409, 181, 32, 0.00%, 0, 0, 3, 146.64, 193600, 336
740, 0, 312, 409, 181, 32, 0.00%, 0, 0, 3, 151.74, 194390, 336
745, 0, 312, 409, 181, 32, 0.00%, 0, 0, 3, 152.76, 195170, 336
750, 0, 312, 409, 181, 32, 0.00%, 0, 0, 3, 149.30, 195924, 336
755, 0, 312, 409, 181, 32, 0.00%, 0, 0, 3, 149.00, 196694, 336
760, 0, 312, 410, 182, 32, 0.00%, 0, 0, 3, 148.02, 197440, 337
766, 0, 312, 411, 183, 32, 0.00%, 0, 0, 3, 145.04, 198180, 337
771, 0, 312, 411, 183, 32, 0.00%, 0, 0, 3, 147.68, 198948, 337
776, 0, 312, 411, 183, 32, 0.00%, 0, 0, 3, 147.48, 199700, 337
781, 0, 312, 411, 183, 32, 0.00%, 0, 0, 3, 145.75, 200434, 337
786, 0, 312, 411, 183, 32, 0.00%, 0, 0, 3, 147.95, 201194, 337
791, 0, 312, 411, 183, 32, 0.00%, 0, 0, 3, 144.12, 201908, 337
796, 0, 312, 411, 183, 32, 0.00%, 0, 0, 3, 144.32, 202638, 337
801, 0, 312, 411, 183, 32, 0.00%, 0, 0, 3, 145.26, 203370, 337
806, 0, 312, 411, 183, 32, 0.00%, 0, 0, 3, 149.81, 204154, 337
811, 0, 312, 411, 183, 32, 0.00%, 0, 0, 3, 140.77, 204868, 337
817, 0, 312, 411, 183, 32, 0.00%, 0, 0, 3, 146.51, 205564, 337
822, 0, 312, 411, 183, 32, 0.00%, 0, 0, 3, 141.22, 206306, 337
827, 0, 312, 411, 183, 32, 0.00%, 0, 0, 3, 135.92, 206990, 337
832, 0, 312, 411, 183, 32, 0.00%, 0, 0, 3, 135.78, 207672, 337
837, 0, 312, 411, 183, 32, 0.00%, 0, 0, 3, 138.64, 208374, 337
842, 0, 312, 411, 183, 32, 0.00%, 0, 0, 3, 147.48, 209148, 337
847, 0, 312, 411, 183, 32, 0.00%, 0, 0, 3, 148.19, 209910, 337
852, 0, 312, 411, 183, 32, 0.00%, 0, 0, 3, 142.54, 210622, 337
858, 0, 312, 411, 183, 32, 0.00%, 0, 0, 3, 136.68, 211322, 337
863, 0, 312, 412, 184, 32, 0.00%, 0, 0, 3, 143.77, 212046, 338
868, 0, 386, 412, 183, 34, 0.00%, 0, 0, 3, 237.53, 213229, 338
873, 0, 386, 412, 183, 34, 0.00%, 0, 0, 3, 269.69, 214648, 338
878, 0, 386, 412, 183, 34, 0.00%, 0, 0, 3, 280.88, 216093, 338
883, 0, 386, 412, 183, 34, 0.00%, 0, 0, 3, 269.31, 217503, 338
888, 0, 386, 412, 183, 34, 0.00%, 0, 0, 3, 236.02, 218589, 338
894, 0, 386, 412, 183, 34, 0.00%, 0, 0, 3, 251.60, 219793, 338
899, 0, 386, 412, 183, 34, 0.00%, 0, 0, 3, 267.64, 220958, 338
904, 0, 386, 412, 183, 34, 0.00%, 0, 0, 3, 263.90, 222218, 338
909, 0, 386, 412, 183, 34, 0.00%, 0, 0, 3, 252.59, 223413, 338
914, 0, 386, 412, 183, 34, 0.00%, 0, 0, 3, 278.70, 224663, 338
919, 0, 386, 412, 183, 34, 0.00%, 0, 0, 3, 267.26, 225948, 338
924, 0, 386, 412, 183, 34, 0.00%, 0, 0, 3, 275.02, 227338, 338
930, 0, 386, 412, 183, 34, 0.00%, 0, 0, 3, 279.81, 228753, 338
935, 0, 386, 412, 183, 34, 0.00%, 0, 0, 3, 293.18, 230253, 338
940, 0, 386, 412, 183, 34, 0.00%, 0, 0, 3, 280.15, 231648, 338
945, 0, 386, 412, 183, 34, 0.00%, 0, 0, 3, 276.68, 233118, 338
950, 0, 386, 412, 183, 34, 0.00%, 0, 0, 3, 264.70, 234338, 338
955, 0, 386, 412, 183, 34, 0.00%, 0, 0, 3, 279.12, 235503, 338
960, 0, 386, 412, 183, 34, 0.00%, 0, 0, 3, 277.47, 236908, 338
965, 0, 386, 412, 183, 34, 0.00%, 0, 0, 3, 290.66, 238378, 338
970, 0, 386, 412, 183, 34, 0.00%, 0, 0, 3, 305.66, 239973, 338
975, 0, 386, 412, 183, 34, 0.00%, 0, 0, 3, 301.72, 241503, 338
980, 0, 386, 412, 183, 34, 0.00%, 0, 0, 3, 297.16, 242988, 338
985, 0, 386, 412, 183, 34, 0.00%, 0, 0, 3, 288.46, 244503, 338
991, 0, 363, 412, 182, 33, 0.00%, 0, 0, 3, 257.00, 245798, 338
996, 0, 363, 412, 182, 33, 0.00%, 0, 0, 3, 278.97, 247243, 338
1001, 0, 363, 412, 182, 33, 0.00%, 0, 0, 3, 282.44, 248663, 338
1006, 0, 363, 412, 182, 33, 0.00%, 0, 0, 3, 277.27, 250038, 338
1011, 0, 363, 412, 182, 33, 0.00%, 0, 0, 3, 302.43, 251410, 338
1016, 0, 363, 412, 182, 33, 0.00%, 0, 0, 3, 291.30, 252933, 338
1021, 0, 363, 412, 182, 33, 0.00%, 0, 0, 3, 275.60, 254273, 338
1026, 0, 363, 412, 182, 33, 0.00%, 0, 0, 3, 256.26, 255558, 338
1031, 0, 363, 412, 182, 33, 0.00%, 0, 0, 3, 260.38, 256863, 338
1036, 0, 363, 412, 182, 33, 0.00%, 0, 0, 3, 258.22, 258158, 338
1041, 0, 363, 412, 182, 33, 0.00%, 0, 0, 3, 272.53, 259578, 338
1046, 0, 363, 412, 182, 33, 0.00%, 0, 0, 3, 260.84, 260893, 338
1052, 0, 363, 412, 182, 33, 0.00%, 0, 0, 3, 258.26, 262133, 338
1057, 0, 363, 412, 182, 33, 0.00%, 0, 0, 3, 252.98, 263423, 338
1062, 0, 363, 412, 182, 33, 0.00%, 0, 0, 3, 246.50, 264598, 338
1067, 0, 363, 412, 182, 33, 0.00%, 0, 0, 3, 237.04, 265814, 338
1072, 0, 363, 412, 182, 33, 0.00%, 0, 0, 3, 271.91, 266953, 338
1077, 0, 363, 412, 182, 33, 0.00%, 0, 0, 3, 262.57, 268303, 338
1082, 0, 363, 412, 182, 33, 0.00%, 0, 0, 3, 275.71, 269693, 338
1087, 0, 363, 412, 182, 33, 0.00%, 0, 0, 3, 287.65, 271143, 338
1092, 0, 363, 412, 182, 33, 0.00%, 0, 0, 3, 282.75, 272563, 338
1097, 0, 363, 412, 182, 33, 0.00%, 0, 0, 3, 278.93, 273973, 338
1102, 0, 363, 412, 182, 33, 0.00%, 0, 0, 3, 280.64, 275388, 338
1107, 0, 363, 412, 182, 33, 0.00%, 0, 0, 3, 253.73, 276543, 338
1112, 0, 363, 412, 182, 33, 0.00%, 0, 0, 3, 262.40, 277843, 338
1118, 0, 383, 412, 181, 32, 0.00%, 0, 0, 3, 246.79, 279057, 338
1123, 0, 383, 412, 181, 32, 0.00%, 0, 0, 3, 242.70, 280281, 338
1128, 0, 383, 413, 182, 32, 0.00%, 0, 0, 3, 238.63, 281499, 338
1133, 0, 383, 413, 182, 32, 0.00%, 0, 0, 3, 244.35, 282757, 338
1138, 0, 383, 413, 182, 32, 0.00%, 0, 0, 3, 242.70, 284017, 338
1143, 0, 383, 413, 182, 32, 0.00%, 0, 0, 3, 233.39, 285201, 338
1148, 0, 383, 413, 182, 32, 0.00%, 0, 0, 3, 235.65, 286381, 338
1153, 0, 383, 414, 183, 32, 0.00%, 0, 0, 3, 231.54, 287566, 338
1159, 0, 383, 414, 183, 32, 0.00%, 0, 0, 3, 235.45, 288697, 338
1164, 0, 383, 414, 183, 32, 0.00%, 0, 0, 3, 233.06, 289913, 338
1169, 0, 383, 414, 183, 32, 0.00%, 0, 0, 3, 231.27, 291073, 338
1174, 0, 383, 414, 183, 32, 0.00%, 0, 0, 3, 236.39, 292289, 338
1179, 0, 383, 414, 183, 32, 0.00%, 0, 0, 3, 236.21, 293505, 338
1184, 0, 383, 414, 183, 32, 0.00%, 0, 0, 3, 233.42, 294633, 338
1189, 0, 383, 414, 183, 32, 0.00%, 0, 0, 3, 243.84, 295901, 338
1194, 0, 383, 414, 183, 32, 0.00%, 0, 0, 3, 249.51, 297113, 338
1200, 0, 383, 414, 183, 32, 0.00%, 0, 0, 3, 246.67, 298393, 338
1205, 0, 383, 414, 183, 32, 0.00%, 0, 0, 3, 252.64, 299658, 338
1210, 0, 383, 414, 183, 32, 0.00%, 0, 0, 3, 247.18, 300877, 338
1215, 0, 383, 414, 183, 32, 0.00%, 0, 0, 3, 242.17, 302117, 338
1220, 0, 383, 414, 183, 32, 0.00%, 0, 0, 3, 236.79, 303313, 338
1225, 0, 383, 414, 183, 32, 0.00%, 0, 0, 3, 213.21, 304281, 338
1230, 0, 383, 414, 183, 32, 0.00%, 0, 0, 3, 212.85, 305273, 338
1235, 0, 383, 414, 183, 32, 0.00%, 0, 0, 3, 213.91, 306309, 338
1240, 0, 383, 414, 183, 32, 0.00%, 0, 0, 3, 221.92, 307317, 338
1245, 0, 383, 414, 183, 32, 0.00%, 0, 0, 3, 227.37, 308449, 338
1250, 0, 383, 414, 183, 32, 0.00%, 0, 0, 3, 240.79, 309681, 338
1255, 0, 383, 414, 183, 32, 0.00%, 0, 0, 3, 216.55, 310761, 338
1261, 0, 315, 417, 185, 31, 0.00%, 0, 0, 3, 232.47, 311985, 341
1266, 0, 315, 417, 185, 31, 0.00%, 0, 0, 3, 236.35, 313189, 341
1271, 0, 315, 417, 185, 31, 0.00%, 0, 0, 3, 233.93, 314397, 341
1276, 0, 315, 418, 186, 31, 0.00%, 0, 0, 3, 231.16, 315573, 342
1281, 0, 315, 418, 186, 31, 0.00%, 0, 0, 3, 234.12, 316757, 342
1286, 0, 315, 418, 186, 31, 0.00%, 0, 0, 3, 235.29, 317969, 342
1291, 0, 315, 418, 186, 31, 0.00%, 0, 0, 3, 222.94, 319017, 342
1296, 0, 315, 418, 186, 31, 0.00%, 0, 0, 3, 244.35, 320285, 342
1302, 0, 315, 418, 186, 31, 0.00%, 0, 0, 3, 250.23, 321593, 342
1307, 0, 315, 418, 186, 31, 0.00%, 0, 0, 3, 250.32, 322825, 342
1312, 0, 315, 418, 186, 31, 0.00%, 0, 0, 3, 244.46, 324033, 342
1317, 0, 315, 418, 186, 31, 0.00%, 0, 0, 3, 246.76, 325297, 342
1322, 0, 315, 418, 186, 31, 0.00%, 0, 0, 3, 251.97, 326581, 342
1327, 0, 315, 418, 186, 31, 0.00%, 0, 0, 3, 253.53, 327876, 342
1332, 0, 315, 418, 186, 31, 0.00%, 0, 0, 3, 247.62, 329097, 342
1337, 0, 315, 418, 186, 31, 0.00%, 0, 0, 3, 233.60, 330261, 342
1342, 0, 315, 418, 186, 31, 0.00%, 0, 0, 3, 246.22, 331553, 342
1347, 0, 315, 418, 186, 31, 0.00%, 0, 0, 3, 236.02, 332761, 342
1353, 0, 315, 418, 186, 31, 0.00%, 0, 0, 3, 236.11, 333981, 342
1358, 0, 315, 418, 186, 31, 0.00%, 0, 0, 3, 249.91, 335296, 342
1363, 0, 315, 418, 186, 31, 0.00%, 0, 0, 3, 237.81, 336481, 342
1368, 0, 315, 418, 186, 31, 0.00%, 0, 0, 3, 231.60, 337645, 342
1373, 0, 315, 418, 186, 31, 0.00%, 0, 0, 3, 240.23, 338869, 342
1378, 0, 315, 418, 186, 31, 0.00%, 0, 0, 3, 242.04, 340093, 342
1383, 0, 315, 418, 186, 31, 0.00%, 0, 0, 3, 232.17, 341257, 342
1388, 0, 315, 419, 187, 31, 0.00%, 0, 0, 3, 219.53, 342306, 343
1393, 0, 315, 419, 187, 31, 0.00%, 0, 0, 3, 224.44, 343453, 343
1398, 0, 414, 421, 188, 31, 0.00%, 0, 0, 3, 230.45, 344605, 345
1403, 0, 414, 422, 189, 31, 0.00%, 0, 0, 3, 245.57, 345865, 346
1408, 0, 414, 423, 190, 31, 0.00%, 0, 0, 3, 245.77, 347145, 347
1413, 0, 414, 423, 190, 31, 0.00%, 0, 0, 3, 251.68, 348412, 347
1419, 0, 414, 423, 190, 31, 0.00%, 0, 0, 3, 243.48, 349633, 347
1424, 0, 414, 423, 190, 31, 0.00%, 0, 0, 3, 235.53, 350821, 347
1429, 0, 414, 423, 190, 31, 0.00%, 0, 0, 3, 246.12, 352097, 347
1434, 0, 414, 423, 190, 31, 0.00%, 0, 0, 3, 243.15, 353325, 347
1439, 0, 414, 423, 190, 31, 0.00%, 0, 0, 3, 240.21, 354545, 347
1444, 0, 414, 423, 190, 31, 0.00%, 0, 0, 3, 246.09, 355829, 347
1449, 0, 414, 423, 190, 31, 0.00%, 0, 0, 3, 247.64, 357117, 347
1455, 0, 414, 423, 190, 31, 0.00%, 0, 0, 3, 249.15, 358413, 347
1460, 0, 414, 423, 190, 31, 0.00%, 0, 0, 3, 242.57, 359617, 347
1465, 0, 414, 423, 190, 31, 0.00%, 0, 0, 3, 242.22, 360833, 347
1470, 0, 414, 423, 190, 31, 0.00%, 0, 0, 3, 222.49, 361937, 347
1475, 0, 414, 423, 190, 31, 0.00%, 0, 0, 3, 223.09, 363013, 347
1480, 0, 414, 423, 190, 31, 0.00%, 0, 0, 3, 232.33, 364205, 347
1485, 0, 414, 423, 190, 31, 0.00%, 0, 0, 3, 235.40, 365273, 347
1490, 0, 414, 423, 190, 31, 0.00%, 0, 0, 3, 235.89, 366409, 347
1495, 0, 414, 424, 191, 31, 0.00%, 0, 0, 3, 233.40, 367593, 348
1501, 0, 414, 424, 191, 31, 0.00%, 0, 0, 3, 234.81, 368801, 348
1506, 0, 414, 424, 191, 31, 0.00%, 0, 0, 3, 217.24, 369885, 348
1511, 0, 414, 424, 191, 31, 0.00%, 0, 0, 3, 218.52, 371009, 348
1516, 0, 414, 424, 191, 31, 0.00%, 0, 0, 3, 228.28, 372201, 348
1521, 0, 414, 424, 191, 31, 0.00%, 0, 0, 3, 231.61, 373329, 348
1526, 0, 414, 424, 191, 31, 0.00%, 0, 0, 3, 221.47, 374437, 348
1531, 0, 414, 424, 191, 31, 0.00%, 0, 0, 3, 227.92, 375589, 348
1536, 0, 356, 424, 190, 34, 0.00%, 0, 0, 3, 240.50, 376848, 348
1541, 0, 356, 424, 190, 34, 0.00%, 0, 0, 3, 260.70, 378171, 348
1546, 0, 356, 424, 190, 34, 0.00%, 0, 0, 3, 260.12, 379451, 348
1551, 0, 356, 424, 190, 34, 0.00%, 0, 0, 3, 251.25, 380668, 348
1557, 0, 356, 424, 190, 34, 0.00%, 0, 0, 3, 224.57, 381780, 348
1562, 0, 356, 424, 190, 34, 0.00%, 0, 0, 3, 228.75, 382924, 348
1567, 0, 356, 424, 190, 34, 0.00%, 0, 0, 3, 227.79, 384104, 348
1572, 0, 356, 424, 190, 34, 0.00%, 0, 0, 3, 191.67, 385042, 348
1577, 0, 356, 424, 190, 34, 0.00%, 0, 0, 3, 217.62, 386172, 348
1582, 0, 356, 424, 190, 34, 0.00%, 0, 0, 3, 265.15, 387586, 348
1587, 0, 356, 424, 190, 34, 0.00%, 0, 0, 3, 48.31, 388644, 348
1592, 0, 356, 424, 190, 34, 0.00%, 0, 0, 3, 251.72, 389781, 348
1598, 0, 356, 424, 190, 34, 0.00%, 0, 0, 3, 267.47, 391181, 348
1603, 0, 356, 424, 190, 34, 0.00%, 0, 0, 3, 265.66, 392526, 348
1608, 0, 356, 424, 190, 34, 0.00%, 0, 0, 3, 259.59, 393776, 348
1613, 0, 356, 424, 190, 34, 0.00%, 0, 0, 3, 239.20, 394944, 348
1618, 0, 356, 424, 190, 34, 0.00%, 0, 0, 3, 242.35, 396226, 348
1623, 0, 356, 424, 190, 34, 0.00%, 0, 0, 3, 240.70, 397456, 348
1628, 0, 356, 424, 190, 34, 0.00%, 0, 0, 3, 248.65, 398700, 348
1633, 0, 356, 424, 190, 34, 0.00%, 0, 0, 3, 257.91, 399991, 348
1638, 0, 356, 424, 190, 34, 0.00%, 0, 0, 3, 240.27, 401220, 348
1644, 0, 356, 424, 190, 34, 0.00%, 0, 0, 3, 257.92, 402561, 348
1649, 0, 356, 424, 190, 34, 0.00%, 0, 0, 3, 260.08, 403901, 348
1654, 0, 356, 424, 190, 34, 0.00%, 0, 0, 3, 253.88, 405181, 348
1659, 0, 356, 424, 190, 34, 0.00%, 0, 0, 3, 253.35, 406446, 348
1664, 0, 356, 424, 190, 34, 0.00%, 0, 0, 3, 263.65, 407771, 348
1669, 0, 356, 424, 190, 34, 0.00%, 0, 0, 3, 251.05, 408992, 348
1674, 0, 392, 425, 190, 33, 0.00%, 0, 0, 4, 228.09, 410142, 348
1679, 0, 392, 425, 190, 33, 0.00%, 0, 0, 4, 223.64, 411242, 348
1684, 0, 392, 425, 190, 33, 0.00%, 0, 0, 4, 222.08, 412354, 348
1689, 0, 392, 425, 190, 33, 0.00%, 0, 0, 4, 227.50, 413498, 348
1694, 0, 392, 425, 190, 33, 0.00%, 0, 0, 4, 224.95, 414622, 348
1699, 0, 392, 425, 190, 33, 0.00%, 0, 0, 4, 222.66, 415766, 348
1704, 0, 392, 425, 190, 33, 0.00%, 0, 0, 4, 218.22, 416830, 348
1710, 0, 392, 425, 190, 33, 0.00%, 0, 0, 4, 225.98, 417998, 348
1715, 0, 392, 425, 190, 33, 0.00%, 0, 0, 4, 222.67, 419158, 348
1720, 0, 392, 425, 190, 33, 0.00%, 0, 0, 4, 214.82, 420266, 348
1725, 0, 392, 425, 190, 33, 0.00%, 0, 0, 4, 219.01, 421366, 348
1730, 0, 392, 425, 190, 33, 0.00%, 0, 0, 4, 205.98, 422398, 348
1735, 0, 392, 425, 190, 33, 0.00%, 0, 0, 4, 218.55, 423494, 348
1740, 0, 392, 425, 190, 33, 0.00%, 0, 0, 4, 219.27, 424606, 348
1745, 0, 392, 425, 190, 33, 0.00%, 0, 0, 4, 209.21, 425666, 348
1750, 0, 392, 425, 190, 33, 0.00%, 0, 0, 4, 203.90, 426670, 348
1756, 0, 392, 425, 190, 33, 0.00%, 0, 0, 4, 207.61, 427718, 348
1761, 0, 392, 425, 190, 33, 0.00%, 0, 0, 4, 206.50, 428786, 348
1766, 0, 392, 425, 190, 33, 0.00%, 0, 0, 4, 37.91, 429610, 348
1771, 0, 392, 425, 190, 33, 0.00%, 0, 0, 4, 201.59, 430642, 348
1776, 0, 392, 425, 190, 33, 0.00%, 0, 0, 4, 196.31, 431608, 348
1781, 0, 392, 425, 190, 33, 0.00%, 0, 0, 4, 198.97, 432640, 348
1786, 0, 392, 425, 190, 33, 0.00%, 0, 0, 4, 202.63, 433698, 348
1791, 0, 392, 425, 190, 33, 0.00%, 0, 0, 4, 204.68, 434742, 348
1796, 0, 392, 425, 190, 33, 0.00%, 0, 0, 4, 212.26, 435778, 348
1801, 0, 392, 425, 190, 33, 0.00%, 0, 0, 4, 215.41, 436874, 348
1807, 0, 392, 425, 190, 33, 0.00%, 0, 0, 4, 212.82, 437950, 348
1812, 0, 392, 425, 190, 33, 0.00%, 0, 0, 4, 212.03, 439010, 348
1817, 0, 392, 425, 190, 33, 0.00%, 0, 0, 4, 173.27, 439936, 348
1822, 0, 392, 425, 190, 33, 0.00%, 0, 0, 4, 221.13, 440830, 348
1827, 0, 392, 425, 190, 33, 0.00%, 0, 0, 4, 214.89, 441902, 348
1832, 0, 412, 425, 189, 32, 0.00%, 0, 0, 4, 224.80, 442974, 348
1837, 0, 412, 425, 189, 32, 0.00%, 0, 0, 4, 233.18, 444190, 348
1842, 0, 412, 425, 189, 32, 0.00%, 0, 0, 4, 224.72, 445310, 348
1847, 0, 412, 425, 189, 32, 0.00%, 0, 0, 4, 220.08, 446406, 348
1852, 0, 412, 425, 189, 32, 0.00%, 0, 0, 4, 220.21, 447498, 348
1857, 0, 412, 425, 189, 32, 0.00%, 0, 0, 4, 227.33, 448662, 348
1862, 0, 412, 425, 189, 32, 0.00%, 0, 0, 4, 220.26, 449766, 348
1867, 0, 412, 425, 189, 32, 0.00%, 0, 0, 4, 226.08, 450842, 348
1872, 0, 412, 425, 189, 32, 0.00%, 0, 0, 4, 224.22, 451982, 348
1877, 0, 412, 425, 189, 32, 0.00%, 0, 0, 4, 195.71, 452946, 348
1882, 0, 412, 425, 189, 32, 0.00%, 0, 0, 4, 207.71, 453942, 348
1888, 0, 412, 425, 189, 32, 0.00%, 0, 0, 4, 218.33, 455074, 348
1893, 0, 412, 425, 189, 32, 0.00%, 0, 0, 4, 215.63, 456158, 348
1898, 0, 412, 425, 189, 32, 0.00%, 0, 0, 4, 211.28, 457210, 348
1903, 0, 412, 425, 189, 32, 0.00%, 0, 0, 4, 223.29, 458350, 348
1908, 0, 412, 425, 189, 32, 0.00%, 0, 0, 4, 219.61, 459434, 348
1913, 0, 412, 425, 189, 32, 0.00%, 0, 0, 4, 223.42, 460542, 348
1918, 0, 412, 425, 189, 32, 0.00%, 0, 0, 4, 214.57, 461622, 348
1923, 0, 412, 425, 189, 32, 0.00%, 0, 0, 4, 207.81, 462674, 348
1928, 0, 412, 425, 189, 32, 0.00%, 0, 0, 4, 208.68, 463722, 348
1933, 0, 412, 425, 189, 32, 0.00%, 0, 0, 4, 217.60, 464830, 348
1938, 0, 412, 425, 189, 32, 0.00%, 0, 0, 4, 226.31, 465994, 348
1943, 0, 412, 425, 189, 32, 0.00%, 0, 0, 4, 224.08, 467182, 348
1949, 0, 412, 425, 189, 32, 0.00%, 0, 0, 4, 190.88, 468135, 348
1954, 0, 412, 425, 189, 32, 0.00%, 0, 0, 4, 235.64, 469214, 348
1959, 0, 412, 425, 189, 32, 0.00%, 0, 0, 4, 231.58, 470358, 348
1964, 0, 412, 425, 189, 32, 0.00%, 0, 0, 4, 234.60, 471566, 348
1969, 0, 412, 425, 189, 32, 0.00%, 0, 0, 4, 219.53, 472634, 348
1974, 0, 412, 425, 189, 32, 0.00%, 0, 0, 4, 230.98, 473802, 348
1979, 0, 372, 425, 188, 31, 0.00%, 0, 0, 4, 237.50, 475053, 348
1984, 0, 372, 425, 188, 31, 0.00%, 0, 0, 4, 274.78, 476470, 348
1989, 0, 372, 425, 188, 31, 0.00%, 0, 0, 4, 240.64, 477809, 348
1994, 0, 372, 425, 188, 31, 0.00%, 0, 0, 4, 255.11, 479125, 348
1999, 0, 372, 425, 188, 31, 0.00%, 0, 0, 4, 253.75, 480380, 348
2004, 0, 372, 425, 188, 31, 0.00%, 0, 0, 4, 257.65, 481670, 348
2009, 0, 372, 425, 188, 31, 0.00%, 0, 0, 4, 280.16, 483075, 348
2015, 0, 372, 425, 188, 31, 0.00%, 0, 0, 4, 278.78, 484525, 348
2020, 0, 372, 425, 188, 31, 0.00%, 0, 0, 4, 270.73, 485895, 348
2025, 0, 372, 425, 188, 31, 0.00%, 0, 0, 4, 268.58, 487295, 348
2030, 0, 372, 425, 188, 31, 0.00%, 0, 0, 4, 279.41, 488745, 348
2035, 0, 372, 425, 188, 31, 0.00%, 0, 0, 4, 274.67, 490110, 348
2040, 0, 372, 425, 188, 31, 0.00%, 0, 0, 4, 273.12, 491480, 348
2045, 0, 372, 425, 188, 31, 0.00%, 0, 0, 4, 256.97, 492785, 348
2050, 0, 372, 425, 188, 31, 0.00%, 0, 0, 4, 263.31, 494095, 348
2055, 0, 372, 425, 188, 31, 0.00%, 0, 0, 4, 263.81, 495465, 348
2060, 0, 372, 425, 188, 31, 0.00%, 0, 0, 4, 269.18, 496800, 348
2066, 0, 372, 425, 188, 31, 0.00%, 0, 0, 4, 281.81, 498275, 348
2071, 0, 372, 425, 188, 31, 0.00%, 0, 0, 4, 273.66, 499705, 348
2076, 0, 372, 425, 188, 31, 0.00%, 0, 0, 4, 260.92, 501015, 348
2081, 0, 372, 425, 188, 31, 0.00%, 0, 0, 4, 226.06, 502157, 348
2086, 0, 372, 425, 188, 31, 0.00%, 0, 0, 4, 236.30, 503341, 348
2091, 0, 372, 425, 188, 31, 0.00%, 0, 0, 4, 252.73, 504595, 348
2096, 0, 372, 425, 188, 31, 0.00%, 0, 0, 4, 262.92, 505990, 348
2101, 0, 372, 425, 188, 31, 0.00%, 0, 0, 4, 263.02, 507310, 348
2106, 0, 415, 425, 187, 30, 0.00%, 0, 0, 4, 242.75, 508525, 348
2112, 0, 415, 425, 187, 30, 0.00%, 0, 0, 4, 225.06, 509677, 348
2117, 0, 415, 425, 187, 30, 0.00%, 0, 0, 4, 229.02, 510817, 348
2122, 0, 415, 425, 187, 30, 0.00%, 0, 0, 4, 222.50, 511937, 348
2127, 0, 415, 426, 188, 30, 0.00%, 0, 0, 4, 227.18, 513093, 348
2132, 0, 415, 426, 188, 30, 0.00%, 0, 0, 4, 230.02, 514193, 348
2137, 0, 415, 426, 188, 30, 0.00%, 0, 0, 4, 228.97, 515389, 348
2142, 0, 415, 426, 188, 30, 0.00%, 0, 0, 4, 230.43, 516585, 348
2147, 0, 415, 426, 188, 30, 0.00%, 0, 0, 4, 230.95, 517749, 348
2152, 0, 415, 426, 188, 30, 0.00%, 0, 0, 4, 237.10, 518945, 348
2157, 0, 415, 426, 188, 30, 0.00%, 0, 0, 4, 239.65, 520181, 348
2162, 0, 415, 426, 188, 30, 0.00%, 0, 0, 4, 242.31, 521433, 348
2168, 0, 415, 426, 188, 30, 0.00%, 0, 0, 4, 231.70, 522565, 348
2173, 0, 415, 426, 188, 30, 0.00%, 0, 0, 4, 220.20, 523645, 348
2178, 0, 415, 426, 188, 30, 0.00%, 0, 0, 4, 225.11, 524801, 348
2183, 0, 415, 426, 188, 30, 0.00%, 0, 0, 4, 222.43, 525861, 348
2188, 0, 415, 426, 188, 30, 0.00%, 0, 0, 4, 235.69, 527057, 348
2193, 0, 415, 426, 188, 30, 0.00%, 0, 0, 4, 228.17, 528205, 348
2198, 0, 415, 426, 188, 30, 0.00%, 0, 0, 4, 222.03, 529293, 348
2203, 0, 415, 426, 188, 30, 0.00%, 0, 0, 4, 219.67, 530413, 348
2208, 0, 415, 426, 188, 30, 0.00%, 0, 0, 4, 233.02, 531649, 348
2214, 0, 415, 426, 188, 30, 0.00%, 0, 0, 4, 219.37, 532777, 348
2219, 0, 415, 426, 188, 30, 0.00%, 0, 0, 4, 221.41, 533925, 348
2224, 0, 415, 426, 188, 30, 0.00%, 0, 0, 4, 221.16, 535017, 348
2229, 0, 415, 426, 188, 30, 0.00%, 0, 0, 4, 217.34, 536133, 348
2234, 0, 415, 426, 188, 30, 0.00%, 0, 0, 4, 221.11, 537257, 348
2239, 0, 415, 426, 188, 30, 0.00%, 0, 0, 4, 222.09, 538373, 348
2244, 0, 415, 426, 188, 30, 0.00%, 0, 0, 4, 221.47, 539501, 348
2249, 0, 411, 426, 187, 30, 0.00%, 0, 0, 4, 206.78, 540552, 348
2254, 0, 411, 426, 187, 30, 0.00%, 0, 0, 4, 151.35, 541225, 348
2260, 0, 411, 426, 187, 30, 0.00%, 0, 0, 4, 142.72, 541948, 348
2265, 0, 411, 426, 187, 30, 0.00%, 0, 0, 4, 139.96, 542662, 348
2270, 0, 411, 426, 187, 30, 0.00%, 0, 0, 4, 143.49, 543388, 348
2275, 0, 411, 426, 187, 30, 0.00%, 0, 0, 4, 134.52, 544046, 348
2280, 0, 411, 426, 187, 30, 0.00%, 0, 0, 4, 139.58, 544730, 348
2285, 0, 411, 426, 187, 30, 0.00%, 0, 0, 4, 143.53, 545448, 348
2290, 0, 411, 426, 187, 30, 0.00%, 0, 0, 4, 145.34, 546204, 348
2296, 0, 411, 426, 187, 30, 0.00%, 0, 0, 4, 138.85, 546918, 348
2301, 0, 411, 426, 187, 30, 0.00%, 0, 0, 4, 141.14, 547628, 348
2306, 0, 411, 426, 187, 30, 0.00%, 0, 0, 4, 141.89, 548364, 348
2311, 0, 411, 426, 187, 30, 0.00%, 0, 0, 4, 140.73, 549078, 348
2316, 0, 411, 426, 187, 30, 0.00%, 0, 0, 4, 131.69, 549716, 348
2321, 0, 411, 426, 187, 30, 0.00%, 0, 0, 4, 140.91, 550398, 348
2326, 0, 411, 426, 187, 30, 0.00%, 0, 0, 4, 136.72, 551062, 348
2331, 0, 411, 426, 187, 30, 0.00%, 0, 0, 4, 140.38, 551799, 348
2336, 0, 411, 426, 187, 30, 0.00%, 0, 0, 4, 143.16, 552549, 348
2341, 0, 411, 426, 187, 30, 0.00%, 0, 0, 4, 139.61, 553257, 348
2347, 0, 411, 426, 187, 30, 0.00%, 0, 0, 4, 141.34, 553991, 348
2352, 0, 411, 426, 187, 30, 0.00%, 0, 0, 4, 143.65, 554725, 348
2357, 0, 411, 426, 187, 30, 0.00%, 0, 0, 4, 143.90, 555467, 348
2362, 0, 411, 426, 187, 30, 0.00%, 0, 0, 4, 142.95, 556205, 348
2367, 0, 411, 426, 187, 30, 0.00%, 0, 0, 4, 141.28, 556923, 348
2372, 0, 411, 426, 187, 30, 0.00%, 0, 0, 4, 145.59, 557679, 348
2377, 0, 411, 426, 187, 30, 0.00%, 0, 0, 4, 142.24, 558399, 348
2382, 0, 411, 426, 187, 30, 0.00%, 0, 0, 4, 124.20, 559023, 348
2388, 0, 411, 426, 187, 30, 0.00%, 0, 0, 4, 135.98, 559719, 348
2393, 0, 411, 426, 187, 30, 0.00%, 0, 0, 4, 8.47, 560449, 348
2398, 0, 411, 426, 187, 30, 0.00%, 0, 0, 4, 146.72, 561205, 348
2403, 0, 411, 426, 187, 30, 0.00%, 0, 0, 4, 137.45, 561885, 348
2408, 0, 411, 426, 187, 30, 0.00%, 0, 0, 4, 144.53, 562639, 348
2413, 0, 411, 426, 187, 30, 0.00%, 0, 0, 4, 139.10, 563367, 348
2418, 0, 411, 426, 187, 30, 0.00%, 0, 0, 4, 142.64, 564079, 348
2423, 0, 411, 426, 187, 30, 0.00%, 0, 0, 4, 66.97, 564711, 348
2429, 0, 411, 426, 187, 30, 0.00%, 0, 0, 4, 119.51, 565395, 348
2434, 0, 411, 426, 187, 30, 0.00%, 0, 0, 4, 135.54, 566091, 348
2439, 0, 411, 426, 187, 30, 0.00%, 0, 0, 4, 131.15, 566773, 348
2444, 0, 411, 426, 187, 30, 0.00%, 0, 0, 4, 143.00, 567517, 348
2449, 0, 411, 426, 187, 30, 0.00%, 0, 0, 4, 140.33, 568207, 348
2454, 0, 411, 426, 187, 30, 0.00%, 0, 0, 4, 141.88, 568817, 348
2459, 0, 411, 426, 187, 30, 0.00%, 0, 0, 4, 139.19, 569499, 348
2465, 0, 411, 426, 187, 30, 0.00%, 0, 0, 4, 137.80, 570183, 348
2469, 0, 411, 426, 187, 30, 0.00%, 0, 0, 4, 137.65, 570769, 348
2474, 0, 411, 426, 187, 30, 0.00%, 0, 0, 4, 138.53, 571459, 348
2480, 0, 411, 426, 187, 30, 0.00%, 0, 0, 4, 143.66, 572207, 348
2485, 0, 411, 426, 187, 30, 0.00%, 0, 0, 4, 144.57, 572921, 348
2490, 0, 389, 426, 186, 29, 0.00%, 0, 0, 4, 185.98, 573861, 348
2495, 0, 389, 426, 186, 29, 0.00%, 0, 0, 4, 218.12, 575040, 348
2500, 0, 389, 426, 186, 29, 0.00%, 0, 0, 4, 224.50, 576060, 348
2505, 0, 389, 426, 186, 29, 0.00%, 0, 0, 4, 226.72, 577200, 348
2510, 0, 389, 426, 186, 29, 0.00%, 0, 0, 4, 225.36, 578364, 348
2515, 0, 389, 426, 186, 29, 0.00%, 0, 0, 4, 211.83, 579444, 348
2521, 0, 389, 426, 186, 29, 0.00%, 0, 0, 4, 207.72, 580428, 348
2526, 0, 389, 426, 186, 29, 0.00%, 0, 0, 4, 211.52, 581484, 348
2531, 0, 389, 426, 186, 29, 0.00%, 0, 0, 4, 199.35, 582484, 348
2536, 0, 389, 426, 186, 29, 0.00%, 0, 0, 4, 198.98, 583476, 348
2541, 0, 389, 426, 186, 29, 0.00%, 0, 0, 4, 202.78, 584536, 348
2546, 0, 389, 426, 186, 29, 0.00%, 0, 0, 4, 214.16, 585616, 348
2551, 0, 389, 426, 186, 29, 0.00%, 0, 0, 4, 221.79, 586740, 348
2556, 0, 389, 426, 186, 29, 0.00%, 0, 0, 4, 213.59, 587820, 348
2561, 0, 389, 426, 186, 29, 0.00%, 0, 0, 4, 214.73, 588924, 348
2566, 0, 389, 426, 186, 29, 0.00%, 0, 0, 4, 215.12, 590008, 348
2571, 0, 389, 426, 186, 29, 0.00%, 0, 0, 4, 206.33, 591048, 348
2576, 0, 389, 426, 186, 29, 0.00%, 0, 0, 4, 193.92, 592032, 348
2581, 0, 389, 426, 186, 29, 0.00%, 0, 0, 4, 189.05, 592952, 348
2587, 0, 389, 426, 186, 29, 0.00%, 0, 0, 4, 178.80, 593802, 348
2592, 0, 389, 426, 186, 29, 0.00%, 0, 0, 4, 190.10, 594801, 348
2597, 0, 389, 426, 186, 29, 0.00%, 0, 0, 4, 184.57, 595668, 348
2602, 0, 389, 426, 186, 29, 0.00%, 0, 0, 4, 197.09, 596703, 348
2607, 0, 389, 426, 186, 29, 0.00%, 0, 0, 4, 184.26, 597561, 348
2612, 0, 389, 426, 186, 29, 0.00%, 0, 0, 4, 205.90, 598564, 348
2617, 0, 389, 426, 186, 29, 0.00%, 0, 0, 4, 209.85, 599632, 348
2622, 0, 389, 426, 186, 29, 0.00%, 0, 0, 4, 222.57, 600820, 348
2627, 0, 389, 426, 186, 29, 0.00%, 0, 0, 4, 214.59, 601888, 348
2633, 0, 389, 426, 186, 29, 0.00%, 0, 0, 4, 221.55, 602892, 348
2638, 0, 389, 426, 186, 29, 0.00%, 0, 0, 4, 205.90, 603868, 348
2643, 0, 389, 426, 186, 29, 0.00%, 0, 0, 4, 234.18, 604788, 348
2648, 0, 389, 426, 186, 29, 0.00%, 0, 0, 4, 212.39, 605784, 348
2653, 0, 391, 426, 185, 28, 0.00%, 0, 0, 4, 212.37, 606858, 348
2658, 0, 391, 426, 185, 28, 0.00%, 0, 0, 4, 211.61, 607914, 348
2663, 0, 391, 426, 185, 28, 0.00%, 0, 0, 4, 198.85, 608911, 348
2668, 0, 391, 426, 185, 28, 0.00%, 0, 0, 4, 206.09, 609858, 348
2673, 0, 391, 426, 185, 28, 0.00%, 0, 0, 4, 218.74, 610982, 348
2678, 0, 391, 426, 185, 28, 0.00%, 0, 0, 4, 211.55, 612058, 348
2684, 0, 391, 426, 185, 28, 0.00%, 0, 0, 4, 201.75, 613074, 348
2689, 0, 391, 426, 185, 28, 0.00%, 0, 0, 4, 217.43, 614186, 348
2694, 0, 391, 426, 185, 28, 0.00%, 0, 0, 4, 201.58, 615170, 348
2699, 0, 391, 426, 185, 28, 0.00%, 0, 0, 4, 206.91, 616162, 348
2704, 0, 391, 426, 185, 28, 0.00%, 0, 0, 4, 220.00, 617086, 348
2709, 0, 391, 426, 185, 28, 0.00%, 0, 0, 4, 211.98, 618174, 348
2714, 0, 391, 426, 185, 28, 0.00%, 0, 0, 4, 165.47, 619009, 348
2719, 0, 391, 426, 185, 28, 0.00%, 0, 0, 4, 201.97, 620050, 348
2724, 0, 391, 426, 185, 28, 0.00%, 0, 0, 4, 213.29, 621062, 348
2729, 0, 391, 426, 185, 28, 0.00%, 0, 0, 4, 208.26, 622106, 348
2734, 0, 391, 426, 185, 28, 0.00%, 0, 0, 4, 184.26, 623008, 348
2740, 0, 391, 426, 185, 28, 0.00%, 0, 0, 4, 187.14, 623878, 348
2745, 0, 391, 426, 185, 28, 0.00%, 0, 0, 4, 186.12, 624793, 348
2750, 0, 391, 426, 185, 28, 0.00%, 0, 0, 4, 99.74, 625734, 348
2755, 0, 391, 426, 185, 28, 0.00%, 0, 0, 4, 214.77, 626690, 348
2760, 0, 391, 426, 185, 28, 0.00%, 0, 0, 4, 207.79, 627670, 348
2765, 0, 391, 426, 185, 28, 0.00%, 0, 0, 4, 204.13, 628674, 348
2770, 0, 391, 426, 185, 28, 0.00%, 0, 0, 4, 204.46, 629682, 348
2775, 0, 391, 426, 185, 28, 0.00%, 0, 0, 4, 202.73, 630718, 348
2780, 0, 391, 426, 185, 28, 0.00%, 0, 0, 4, 209.10, 631706, 348
2786, 0, 391, 426, 185, 28, 0.00%, 0, 0, 4, 212.67, 632798, 348
2791, 0, 391, 426, 185, 28, 0.00%, 0, 0, 4, 220.58, 633910, 348
2796, 0, 391, 426, 185, 28, 0.00%, 0, 0, 4, 210.79, 634978, 348
2801, 0, 391, 426, 185, 28, 0.00%, 0, 0, 4, 203.96, 635994, 348
2806, 0, 391, 426, 185, 28, 0.00%, 0, 0, 4, 187.39, 636916, 348
2811, 0, 391, 426, 185, 28, 0.00%, 0, 0, 4, 157.67, 637669, 348
2816, 0, 391, 426, 185, 28, 0.00%, 0, 0, 4, 155.97, 638443, 348
2821, 0, 14, 426, 184, 27, 0.00%, 0, 0, 4, 291.99, 639828, 348
2826, 0, 14, 426, 184, 27, 0.00%, 0, 0, 4, 400.01, 642021, 348
2832, 0, 14, 426, 184, 27, 0.00%, 0, 0, 4, 410.44, 644105, 348
2837, 0, 14, 426, 184, 27, 0.00%, 0, 0, 4, 416.61, 646169, 348
2842, 0, 436, 451, 208, 38, 0.00%, 0, 0, 4, 372.00, 648017, 392
2847, 0, 436, 451, 208, 38, 0.00%, 0, 0, 4, 420.90, 650226, 392
2852, 0, 436, 451, 208, 38, 0.00%, 0, 0, 4, 443.80, 652538, 392
2857, 0, 436, 451, 208, 38, 0.00%, 0, 0, 4, 446.69, 654850, 392
2862, 0, 398, 451, 207, 37, 0.00%, 0, 0, 4, 289.27, 656261, 392
2867, 0, 398, 451, 207, 37, 0.00%, 0, 0, 4, 208.93, 657228, 392
2872, 0, 398, 451, 207, 37, 0.00%, 0, 0, 4, 206.05, 658244, 392
2878, 0, 398, 451, 207, 37, 0.00%, 0, 0, 4, 210.94, 659328, 392
2883, 0, 398, 451, 207, 37, 0.00%, 0, 0, 4, 196.75, 660222, 392
2888, 0, 398, 451, 207, 37, 0.00%, 0, 0, 4, 201.06, 661248, 392
2893, 0, 398, 451, 207, 37, 0.00%, 0, 0, 4, 202.44, 662296, 392
2898, 0, 398, 451, 207, 37, 0.00%, 0, 0, 4, 212.70, 663400, 392
2903, 0, 398, 451, 207, 37, 0.00%, 0, 0, 4, 217.78, 664557, 392
2908, 0, 398, 451, 207, 37, 0.00%, 0, 0, 4, 210.92, 665581, 392
2913, 0, 398, 451, 207, 37, 0.00%, 0, 0, 4, 214.60, 666657, 392
2918, 0, 398, 451, 207, 37, 0.00%, 0, 0, 4, 207.52, 667705, 392
2923, 0, 398, 451, 207, 37, 0.00%, 0, 0, 4, 210.63, 668777, 392
2928, 0, 398, 451, 207, 37, 0.00%, 0, 0, 4, 212.95, 669841, 392
2933, 0, 398, 451, 207, 37, 0.00%, 0, 0, 4, 211.39, 670921, 392
2939, 0, 398, 451, 207, 37, 0.00%, 0, 0, 4, 193.59, 671875, 392
2944, 0, 398, 451, 207, 37, 0.00%, 0, 0, 4, 204.85, 672905, 392
2949, 0, 398, 451, 207, 37, 0.00%, 0, 0, 4, 222.90, 674025, 392
2954, 0, 398, 451, 207, 37, 0.00%, 0, 0, 4, 224.55, 675169, 392
2959, 0, 398, 451, 207, 37, 0.00%, 0, 0, 4, 217.22, 676261, 392
2964, 0, 398, 451, 207, 37, 0.00%, 0, 0, 4, 216.47, 677305, 392
2969, 0, 398, 451, 207, 37, 0.00%, 0, 0, 4, 211.16, 678341, 392
2974, 0, 398, 451, 207, 37, 0.00%, 0, 0, 4, 226.68, 679537, 392
2979, 0, 398, 451, 207, 37, 0.00%, 0, 0, 4, 217.52, 680625, 392
2984, 0, 398, 451, 207, 37, 0.00%, 0, 0, 4, 214.41, 681693, 392
2989, 0, 398, 451, 207, 37, 0.00%, 0, 0, 4, 210.17, 682753, 392
2994, 0, 398, 451, 207, 37, 0.00%, 0, 0, 4, 220.52, 683901, 392
2999, 0, 398, 451, 207, 37, 0.00%, 0, 0, 4, 230.02, 685065, 392
3004, 0, 398, 451, 207, 37, 0.00%, 0, 0, 4, 218.96, 686153, 392
3009, 0, 398, 451, 207, 37, 0.00%, 0, 0, 4, 212.34, 687217, 392
3015, 0, 398, 451, 207, 37, 0.00%, 0, 0, 4, 221.53, 688333, 392
3020, 0, 354, 451, 206, 36, 0.00%, 0, 0, 4, 246.31, 689636, 392
3025, 0, 354, 451, 206, 36, 0.00%, 0, 0, 4, 253.12, 690831, 392
3030, 0, 354, 451, 206, 36, 0.00%, 0, 0, 4, 259.05, 692111, 392
3035, 0, 354, 451, 206, 36, 0.00%, 0, 0, 4, 257.95, 693391, 392
3040, 0, 354, 451, 206, 36, 0.00%, 0, 0, 4, 259.39, 694696, 392
3045, 0, 354, 451, 206, 36, 0.00%, 0, 0, 4, 242.46, 695901, 392
3050, 0, 354, 451, 206, 36, 0.00%, 0, 0, 4, 247.02, 697144, 392
3055, 0, 354, 451, 206, 36, 0.00%, 0, 0, 4, 241.98, 698344, 392
3061, 0, 354, 451, 206, 36, 0.00%, 0, 0, 4, 247.72, 699608, 392
3066, 0, 354, 451, 206, 36, 0.00%, 0, 0, 4, 261.70, 700936, 392
3071, 0, 354, 451, 206, 36, 0.00%, 0, 0, 4, 260.90, 702286, 392
3076, 0, 354, 451, 206, 36, 0.00%, 0, 0, 4, 254.31, 703571, 392
3081, 0, 354, 451, 206, 36, 0.00%, 0, 0, 4, 245.54, 704840, 392
3086, 0, 354, 451, 206, 36, 0.00%, 0, 0, 4, 244.69, 706076, 392
3091, 0, 354, 451, 206, 36, 0.00%, 0, 0, 4, 252.78, 707406, 392
3096, 0, 354, 451, 206, 36, 0.00%, 0, 0, 4, 246.98, 708648, 392
3101, 0, 354, 451, 206, 36, 0.00%, 0, 0, 4, 233.00, 709808, 392
3107, 0, 354, 451, 206, 36, 0.00%, 0, 0, 4, 242.80, 711044, 392
3112, 0, 354, 451, 206, 36, 0.00%, 0, 0, 4, 255.85, 712351, 392
3117, 0, 354, 451, 206, 36, 0.00%, 0, 0, 4, 253.80, 713636, 392
3122, 0, 354, 451, 206, 36, 0.00%, 0, 0, 4, 249.69, 714908, 392
3127, 0, 354, 451, 206, 36, 0.00%, 0, 0, 4, 241.31, 716124, 392
3132, 0, 354, 451, 206, 36, 0.00%, 0, 0, 4, 227.71, 717312, 392
3137, 0, 354, 451, 206, 36, 0.00%, 0, 0, 4, 234.65, 718380, 392
3142, 0, 354, 451, 206, 36, 0.00%, 0, 0, 4, 255.15, 719711, 392
3147, 0, 354, 451, 206, 36, 0.00%, 0, 0, 4, 261.94, 721096, 392
3153, 0, 438, 451, 205, 35, 0.00%, 0, 0, 4, 400.34, 723310, 392
3158, 0, 438, 451, 205, 35, 0.00%, 0, 0, 4, 436.66, 725594, 392
3163, 0, 438, 451, 205, 35, 0.00%, 0, 0, 4, 440.20, 727810, 392
3168, 0, 367, 451, 204, 34, 0.00%, 0, 0, 4, 385.48, 729811, 392
3173, 0, 367, 451, 204, 34, 0.00%, 0, 0, 4, 337.08, 731438, 392
3178, 0, 367, 451, 204, 34, 0.00%, 0, 0, 4, 336.85, 733130, 392
3183, 0, 367, 451, 204, 34, 0.00%, 0, 0, 4, 336.04, 734816, 392
3188, 0, 367, 451, 204, 34, 0.00%, 0, 0, 4, 329.36, 736472, 392
3193, 0, 439, 451, 203, 33, 0.00%, 0, 0, 4, 365.39, 738286, 392
3198, 0, 439, 451, 203, 33, 0.00%, 0, 0, 4, 411.43, 740400, 392
3203, 0, 439, 451, 203, 33, 0.00%, 0, 0, 4, 422.23, 742600, 392
3208, 0, 439, 451, 203, 33, 0.00%, 0, 0, 4, 426.66, 744816, 392
3214, 0, 428, 451, 202, 32, 0.00%, 0, 0, 4, 313.74, 746442, 392
3219, 0, 428, 451, 202, 32, 0.00%, 0, 0, 4, 249.69, 747616, 392
3224, 0, 428, 451, 202, 32, 0.00%, 0, 0, 4, 238.50, 748786, 392
3229, 0, 428, 451, 202, 32, 0.00%, 0, 0, 4, 228.49, 749942, 392
3234, 0, 428, 451, 202, 32, 0.00%, 0, 0, 4, 227.56, 751094, 392
3239, 0, 428, 451, 202, 32, 0.00%, 0, 0, 4, 226.89, 752222, 392
3244, 0, 428, 451, 202, 32, 0.00%, 0, 0, 4, 221.66, 753318, 392
3249, 0, 428, 451, 202, 32, 0.00%, 0, 0, 4, 219.93, 754422, 392
3254, 0, 428, 451, 202, 32, 0.00%, 0, 0, 4, 219.12, 755522, 392
3259, 0, 428, 451, 202, 32, 0.00%, 0, 0, 4, 215.64, 756594, 392
3264, 0, 428, 451, 202, 32, 0.00%, 0, 0, 4, 220.66, 757690, 392
3269, 0, 428, 451, 202, 32, 0.00%, 0, 0, 4, 232.61, 758854, 392
3274, 0, 428, 451, 202, 32, 0.00%, 0, 0, 4, 230.57, 760002, 392
3279, 0, 428, 451, 202, 32, 0.00%, 0, 0, 4, 226.28, 761142, 392
3284, 0, 428, 451, 202, 32, 0.00%, 0, 0, 4, 222.20, 762254, 392
3289, 0, 428, 451, 202, 32, 0.00%, 0, 0, 4, 237.98, 763446, 392
3294, 0, 428, 451, 202, 32, 0.00%, 0, 0, 4, 241.42, 764670, 392
3299, 0, 428, 451, 202, 32, 0.00%, 0, 0, 4, 225.99, 765790, 392
3304, 0, 428, 451, 202, 32, 0.00%, 0, 0, 4, 223.07, 766910, 392
3309, 0, 428, 451, 202, 32, 0.00%, 0, 0, 4, 228.51, 768066, 392
3314, 0, 428, 451, 202, 32, 0.00%, 0, 0, 4, 235.37, 769258, 392
3319, 0, 428, 451, 202, 32, 0.00%, 0, 0, 4, 240.90, 770522, 392
3324, 0, 428, 451, 202, 32, 0.00%, 0, 0, 4, 236.45, 771702, 392
3330, 0, 428, 451, 202, 32, 0.00%, 0, 0, 4, 231.38, 772890, 392
3335, 0, 428, 451, 202, 32, 0.00%, 0, 0, 4, 229.76, 774030, 392
3340, 0, 428, 451, 202, 32, 0.00%, 0, 0, 4, 237.06, 775262, 392
3345, 0, 428, 451, 202, 32, 0.00%, 0, 0, 4, 249.68, 776526, 392
3350, 0, 428, 451, 202, 32, 0.00%, 0, 0, 4, 256.95, 777721, 392
3355, 0, 420, 451, 201, 31, 0.00%, 0, 0, 4, 232.80, 778885, 392
3360, 0, 420, 451, 201, 31, 0.00%, 0, 0, 4, 223.02, 779925, 392
3365, 0, 420, 451, 201, 31, 0.00%, 0, 0, 4, 228.81, 781089, 392
3370, 0, 420, 451, 201, 31, 0.00%, 0, 0, 4, 223.02, 782189, 392
3375, 0, 420, 451, 201, 31, 0.00%, 0, 0, 4, 233.68, 783365, 392
3380, 0, 420, 451, 201, 31, 0.00%, 0, 0, 4, 227.74, 784525, 392
3385, 0, 420, 451, 201, 31, 0.00%, 0, 0, 4, 232.33, 785721, 392
3391, 0, 420, 451, 201, 31, 0.00%, 0, 0, 4, 234.67, 786937, 392
3396, 0, 420, 451, 201, 31, 0.00%, 0, 0, 4, 235.58, 788113, 392
3401, 0, 420, 451, 201, 31, 0.00%, 0, 0, 4, 236.59, 789301, 392
3406, 0, 420, 451, 201, 31, 0.00%, 0, 0, 4, 232.31, 790457, 392
3411, 0, 420, 451, 201, 31, 0.00%, 0, 0, 4, 235.20, 791629, 392
3416, 0, 420, 451, 201, 31, 0.00%, 0, 0, 4, 226.01, 792809, 392
3421, 0, 420, 451, 201, 31, 0.00%, 0, 0, 4, 227.99, 793993, 392
3426, 0, 420, 451, 201, 31, 0.00%, 0, 0, 4, 233.29, 795169, 392
3431, 0, 420, 451, 201, 31, 0.00%, 0, 0, 4, 220.72, 796293, 392
3436, 0, 420, 451, 201, 31, 0.00%, 0, 0, 4, 216.08, 797357, 392
3442, 0, 420, 451, 201, 31, 0.00%, 0, 0, 4, 224.50, 798537, 392
3447, 0, 420, 451, 201, 31, 0.00%, 0, 0, 4, 219.31, 799649, 392
3452, 0, 420, 451, 201, 31, 0.00%, 0, 0, 4, 220.61, 800781, 392
3457, 0, 420, 451, 201, 31, 0.00%, 0, 0, 4, 222.46, 801917, 392
3462, 0, 420, 451, 201, 31, 0.00%, 0, 0, 4, 235.57, 803121, 392
3467, 0, 420, 451, 201, 31, 0.00%, 0, 0, 4, 235.71, 804365, 392
3472, 0, 420, 452, 202, 31, 0.00%, 0, 0, 4, 227.69, 805521, 393
3477, 0, 420, 452, 202, 31, 0.00%, 0, 0, 4, 219.15, 806653, 393
3483, 0, 420, 452, 202, 31, 0.00%, 0, 0, 4, 228.35, 807845, 393
3488, 0, 420, 452, 202, 31, 0.00%, 0, 0, 4, 244.05, 809133, 393
3493, 0, 420, 452, 202, 31, 0.00%, 0, 0, 4, 233.57, 810313, 393
3498, 0, 420, 452, 202, 31, 0.00%, 0, 0, 4, 222.47, 811357, 393
3503, 0, 440, 452, 201, 30, 0.00%, 0, 0, 4, 368.26, 813382, 393
3508, 0, 440, 452, 201, 30, 0.00%, 0, 0, 4, 403.44, 815515, 393
3513, 0, 440, 452, 201, 30, 0.00%, 0, 0, 4, 408.08, 817603, 393
3518, 0, 434, 452, 200, 29, 0.00%, 0, 0, 4, 425.97, 819805, 393
3523, 0, 434, 453, 201, 29, 0.00%, 0, 0, 4, 431.63, 822005, 393
3529, 0, 434, 453, 201, 29, 0.00%, 0, 0, 4, 433.06, 824213, 393
3534, 0, 434, 453, 201, 29, 0.00%, 0, 0, 4, 438.27, 826477, 393
3539, 0, 437, 453, 200, 29, 0.00%, 0, 0, 4, 436.96, 828743, 393
3544, 0, 437, 453, 200, 29, 0.00%, 0, 0, 4, 435.33, 830983, 393
3549, 0, 437, 453, 200, 29, 0.00%, 0, 0, 4, 426.88, 833119, 393
3554, 0, 437, 453, 200, 29, 0.00%, 0, 0, 4, 434.47, 835351, 393
3559, 0, 335, 453, 199, 28, 0.00%, 0, 0, 4, 306.08, 836845, 393
3564, 0, 335, 453, 199, 28, 0.00%, 0, 0, 4, 259.51, 838084, 393
3569, 0, 335, 453, 199, 28, 0.00%, 0, 0, 4, 256.08, 839369, 393
3574, 0, 335, 453, 199, 28, 0.00%, 0, 0, 4, 242.75, 840595, 393
3579, 0, 335, 453, 199, 28, 0.00%, 0, 0, 4, 221.24, 841555, 393
3584, 0, 335, 453, 199, 28, 0.00%, 0, 0, 4, 222.66, 842583, 393
3590, 0, 335, 453, 199, 28, 0.00%, 0, 0, 4, 232.86, 843591, 393
3595, 0, 335, 453, 199, 28, 0.00%, 0, 0, 4, 221.40, 844663, 393
3600, 0, 335, 453, 199, 28, 0.00%, 0, 0, 4, 232.95, 845855, 393
3605, 0, 335, 453, 199, 28, 0.00%, 0, 0, 4, 228.00, 846999, 393
3610, 0, 335, 453, 199, 28, 0.00%, 0, 0, 4, 239.09, 848267, 393
3615, 0, 335, 453, 199, 28, 0.00%, 0, 0, 4, 239.01, 849479, 393
3620, 0, 335, 453, 199, 28, 0.00%, 0, 0, 4, 223.56, 850575, 393
3625, 0, 335, 453, 199, 28, 0.00%, 0, 0, 4, 243.65, 851843, 393
3630, 0, 335, 453, 199, 28, 0.00%, 0, 0, 4, 246.53, 853123, 393
3634, 0, 335, 453, 199, 28, 0.00%, 0, 0, 4, 243.16, 853886, 393
