# relative_time, cycles_done, cur_path, paths_total, pending_total, pending_favs, map_size, unique_crashes, unique_hangs, max_depth, execs_per_sec, total_execs, edges_found
61, 0, 191, 384, 166, 32, 0.00%, 0, 0, 2, 416.27, 20809, 312
66, 0, 191, 384, 166, 32, 0.00%, 0, 0, 2, 420.49, 22929, 312
71, 0, 383, 384, 165, 34, 0.00%, 0, 0, 2, 415.05, 25003, 312
76, 0, 383, 384, 165, 34, 0.00%, 0, 0, 2, 417.31, 27115, 312
81, 0, 383, 384, 165, 34, 0.00%, 0, 0, 2, 416.64, 29219, 312
86, 0, 383, 384, 165, 34, 0.00%, 0, 0, 2, 419.09, 31331, 312
92, 0, 368, 384, 164, 33, 0.00%, 0, 0, 2, 427.17, 33527, 312
97, 0, 368, 384, 164, 33, 0.00%, 0, 0, 2, 448.90, 35823, 312
102, 0, 368, 384, 164, 33, 0.00%, 0, 0, 2, 439.62, 38047, 312
107, 0, 368, 384, 164, 33, 0.00%, 0, 0, 2, 439.72, 40319, 312
112, 0, 375, 385, 164, 32, 0.00%, 0, 0, 3, 339.63, 42102, 312
117, 0, 375, 385, 164, 32, 0.00%, 0, 0, 3, 276.10, 43360, 312
122, 0, 375, 385, 164, 32, 0.00%, 0, 0, 3, 273.16, 44750, 312
128, 0, 375, 385, 164, 32, 0.00%, 0, 0, 3, 262.75, 46120, 312
133, 0, 375, 385, 164, 32, 0.00%, 0, 0, 3, 259.64, 47415, 312
138, 0, 375, 385, 164, 32, 0.00%, 0, 0, 3, 285.24, 48740, 312
143, 0, 375, 385, 164, 32, 0.00%, 0, 0, 3, 282.63, 50205, 312
148, 0, 375, 385, 164, 32, 0.00%, 0, 0, 3, 283.73, 51640, 312
153, 0, 375, 385, 164, 32, 0.00%, 0, 0, 3, 267.32, 53000, 312
158, 0, 375, 385, 164, 32, 0.00%, 0, 0, 3, 273.12, 54365, 312
163, 0, 375, 386, 165, 32, 0.00%, 0, 0, 3, 271.38, 55720, 315
168, 0, 375, 386, 165, 32, 0.00%, 0, 0, 3, 281.35, 57135, 315
173, 0, 375, 386, 165, 32, 0.00%, 0, 0, 3, 282.84, 58550, 315
178, 0, 375, 386, 165, 32, 0.00%, 0, 0, 3, 287.91, 60030, 315
183, 0, 375, 386, 165, 32, 0.00%, 0, 0, 3, 285.03, 61515, 315
189, 0, 375, 386, 165, 32, 0.00%, 0, 0, 3, 285.94, 63010, 315
194, 0, 375, 386, 165, 32, 0.00%, 0, 0, 3, 284.47, 64475, 315
199, 0, 375, 386, 165, 32, 0.00%, 0, 0, 3, 279.91, 65925, 315
204, 0, 375, 386, 165, 32, 0.00%, 0, 0, 3, 278.32, 67370, 315
209, 0, 375, 386, 165, 32, 0.00%, 0, 0, 3, 284.40, 68845, 315
214, 0, 375, 386, 165, 32, 0.00%, 0, 0, 3, 284.20, 70280, 315
220, 0, 375, 386, 165, 32, 0.00%, 0, 0, 3, 283.15, 71705, 315
225, 0, 375, 386, 165, 32, 0.00%, 0, 0, 3, 271.07, 73115, 315
230, 0, 375, 386, 165, 32, 0.00%, 0, 0, 3, 250.12, 74335, 315
235, 0, 188, 386, 164, 31, 0.00%, 0, 0, 3, 392.22, 76475, 315
240, 0, 188, 386, 164, 31, 0.00%, 0, 0, 3, 424.63, 78700, 315
245, 0, 188, 386, 164, 31, 0.00%, 0, 0, 3, 430.01, 80900, 315
251, 0, 338, 386, 163, 30, 0.00%, 0, 0, 3, 374.95, 82910, 315
256, 0, 338, 387, 164, 30, 0.00%, 0, 0, 3, 290.97, 84265, 316
261, 0, 338, 387, 164, 30, 0.00%, 0, 0, 3, 267.20, 85590, 316
266, 0, 338, 387, 164, 30, 0.00%, 0, 0, 3, 268.03, 86975, 316
271, 0, 338, 387, 164, 30, 0.00%, 0, 0, 3, 263.56, 88315, 316
276, 0, 338, 387, 164, 30, 0.00%, 0, 0, 3, 280.40, 89635, 316
281, 0, 338, 387, 164, 30, 0.00%, 0, 0, 3, 274.49, 91055, 316
286, 0, 338, 387, 164, 30, 0.00%, 0, 0, 3, 267.54, 92395, 316
291, 0, 338, 387, 164, 30, 0.00%, 0, 0, 3, 266.98, 93745, 316
296, 0, 338, 387, 164, 30, 0.00%, 0, 0, 3, 266.96, 95080, 316
301, 0, 338, 388, 165, 30, 0.00%, 0, 0, 3, 263.77, 96403, 317
306, 0, 338, 388, 165, 30, 0.00%, 0, 0, 3, 265.95, 97794, 317
311, 0, 338, 388, 165, 30, 0.00%, 0, 0, 3, 266.01, 99154, 317
317, 0, 338, 388, 165, 30, 0.00%, 0, 0, 3, 263.64, 100479, 317
322, 0, 338, 388, 165, 30, 0.00%, 0, 0, 3, 247.19, 101794, 317
327, 0, 338, 388, 165, 30, 0.00%, 0, 0, 3, 262.46, 103124, 317
332, 0, 338, 388, 165, 30, 0.00%, 0, 0, 3, 237.12, 104283, 317
337, 0, 338, 388, 165, 30, 0.00%, 0, 0, 3, 259.20, 105669, 317
342, 0, 338, 388, 165, 30, 0.00%, 0, 0, 3, 264.02, 107024, 317
347, 0, 338, 388, 165, 30, 0.00%, 0, 0, 3, 266.86, 108364, 317
352, 0, 338, 389, 166, 30, 0.00%, 0, 0, 3, 245.52, 109467, 318
358, 0, 338, 389, 166, 30, 0.00%, 0, 0, 3, 266.00, 110777, 318
363, 0, 338, 389, 166, 30, 0.00%, 0, 0, 3, 273.29, 112222, 318
368, 0, 338, 389, 166, 30, 0.00%, 0, 0, 3, 272.11, 113592, 318
373, 0, 338, 389, 166, 30, 0.00%, 0, 0, 3, 266.34, 114937, 318
378, 0, 14, 390, 166, 32, 0.00%, 0, 0, 3, 339.04, 116602, 319
383, 0, 14, 390, 166, 32, 0.00%, 0, 0, 3, 393.34, 118709, 319
388, 0, 14, 390, 166, 32, 0.00%, 0, 0, 3, 403.39, 120754, 319
393, 0, 14, 391, 167, 32, 0.00%, 0, 0, 3, 403.80, 122810, 323
398, 0, 378, 391, 166, 33, 0.00%, 0, 0, 3, 321.90, 124475, 323
403, 0, 378, 391, 166, 33, 0.00%, 0, 0, 3, 253.88, 125718, 323
409, 0, 378, 391, 166, 33, 0.00%, 0, 0, 3, 264.75, 127038, 323
414, 0, 378, 391, 166, 33, 0.00%, 0, 0, 3, 264.61, 128398, 323
419, 0, 378, 391, 166, 33, 0.00%, 0, 0, 3, 273.15, 129778, 323
424, 0, 378, 391, 166, 33, 0.00%, 0, 0, 3, 266.73, 131123, 323
429, 0, 378, 391, 166, 33, 0.00%, 0, 0, 3, 266.02, 132453, 323
434, 0, 378, 391, 166, 33, 0.00%, 0, 0, 3, 268.30, 133823, 323
439, 0, 378, 391, 166, 33, 0.00%, 0, 0, 3, 272.09, 135178, 323
444, 0, 378, 391, 166, 33, 0.00%, 0, 0, 3, 264.33, 136498, 323
449, 0, 378, 391, 166, 33, 0.00%, 0, 0, 3, 266.14, 137828, 323
454, 0, 378, 391, 166, 33, 0.00%, 0, 0, 3, 268.99, 139183, 323
459, 0, 378, 391, 166, 33, 0.00%, 0, 0, 3, 270.17, 140543, 323
464, 0, 378, 391, 166, 33, 0.00%, 0, 0, 3, 276.26, 141943, 323
469, 0, 378, 391, 166, 33, 0.00%, 0, 0, 3, 268.32, 143323, 323
474, 0, 378, 391, 166, 33, 0.00%, 0, 0, 3, 269.84, 144543, 323
479, 0, 378, 391, 166, 33, 0.00%, 0, 0, 3, 253.05, 145788, 323
484, 0, 378, 391, 166, 33, 0.00%, 0, 0, 3, 268.64, 147158, 323
489, 0, 378, 391, 166, 33, 0.00%, 0, 0, 3, 273.97, 148558, 323
494, 0, 378, 391, 166, 33, 0.00%, 0, 0, 3, 278.95, 149958, 323
499, 0, 378, 391, 166, 33, 0.00%, 0, 0, 3, 279.48, 151368, 323
505, 0, 378, 391, 166, 33, 0.00%, 0, 0, 3, 263.16, 152628, 323
510, 0, 378, 391, 166, 33, 0.00%, 0, 0, 3, 143.42, 153805, 323
515, 0, 378, 391, 166, 33, 0.00%, 0, 0, 3, 233.52, 155061, 323
520, 0, 378, 391, 166, 33, 0.00%, 0, 0, 3, 263.41, 156318, 323
525, 0, 363, 391, 165, 32, 0.00%, 0, 0, 3, 254.45, 157543, 323
530, 0, 363, 391, 165, 32, 0.00%, 0, 0, 3, 281.20, 158958, 323
535, 0, 363, 391, 165, 32, 0.00%, 0, 0, 3, 293.71, 160508, 323
540, 0, 363, 391, 165, 32, 0.00%, 0, 0, 3, 286.55, 161938, 323
546, 0, 363, 391, 165, 32, 0.00%, 0, 0, 3, 249.05, 163203, 323
551, 0, 363, 391, 165, 32, 0.00%, 0, 0, 3, 272.85, 164633, 323
556, 0, 363, 391, 165, 32, 0.00%, 0, 0, 3, 279.41, 165815, 323
561, 0, 363, 391, 165, 32, 0.00%, 0, 0, 3, 258.01, 167108, 323
566, 0, 363, 391, 165, 32, 0.00%, 0, 0, 3, 273.85, 168468, 323
571, 0, 363, 391, 165, 32, 0.00%, 0, 0, 3, 284.70, 169933, 323
576, 0, 363, 391, 165, 32, 0.00%, 0, 0, 3, 286.94, 171273, 323
581, 0, 363, 391, 165, 32, 0.00%, 0, 0, 3, 276.11, 172608, 323
586, 0, 363, 391, 165, 32, 0.00%, 0, 0, 3, 269.75, 173968, 323
592, 0, 363, 391, 165, 32, 0.00%, 0, 0, 3, 253.98, 175223, 323
597, 0, 363, 391, 165, 32, 0.00%, 0, 0, 3, 256.15, 176493, 323
602, 0, 363, 391, 165, 32, 0.00%, 0, 0, 3, 239.51, 177602, 323
607, 0, 363, 391, 165, 32, 0.00%, 0, 0, 3, 270.40, 178993, 323
612, 0, 363, 391, 165, 32, 0.00%, 0, 0, 3, 286.94, 180433, 323
617, 0, 363, 391, 165, 32, 0.00%, 0, 0, 3, 294.16, 181983, 323
622, 0, 363, 391, 165, 32, 0.00%, 0, 0, 3, 299.12, 183528, 323
627, 0, 363, 391, 165, 32, 0.00%, 0, 0, 3, 290.21, 184988, 323
632, 0, 363, 391, 165, 32, 0.00%, 0, 0, 3, 288.49, 186443, 323
637, 0, 363, 391, 165, 32, 0.00%, 0, 0, 3, 284.36, 187813, 323
643, 0, 363, 391, 165, 32, 0.00%, 0, 0, 3, 289.01, 189313, 323
648, 0, 197, 391, 164, 31, 0.00%, 0, 0, 3, 401.35, 191476, 323
653, 0, 197, 391, 164, 31, 0.00%, 0, 0, 3, 434.20, 193737, 323
658, 0, 197, 392, 165, 31, 0.00%, 0, 0, 3, 439.29, 195953, 324
663, 0, 389, 392, 164, 31, 0.00%, 0, 0, 3, 422.55, 198131, 324
668, 0, 389, 392, 164, 31, 0.00%, 0, 0, 3, 403.25, 200163, 324
673, 0, 389, 392, 164, 31, 0.00%, 0, 0, 3, 408.97, 202235, 324
678, 0, 389, 392, 164, 31, 0.00%, 0, 0, 3, 404.34, 204275, 324
683, 0, 369, 392, 163, 30, 0.00%, 0, 0, 3, 381.90, 206238, 324
688, 0, 369, 392, 163, 30, 0.00%, 0, 0, 3, 348.76, 208005, 324
693, 0, 369, 392, 163, 30, 0.00%, 0, 0, 3, 336.23, 209691, 324
698, 0, 369, 392, 163, 30, 0.00%, 0, 0, 3, 324.39, 211263, 324
703, 0, 369, 392, 163, 30, 0.00%, 0, 0, 3, 340.70, 213003, 324
708, 0, 391, 392, 162, 29, 0.00%, 0, 0, 3, 374.66, 214854, 324
714, 0, 391, 392, 162, 29, 0.00%, 0, 0, 3, 423.11, 217078, 324
719, 0, 391, 392, 162, 29, 0.00%, 0, 0, 3, 435.44, 219318, 324
724, 0, 391, 392, 162, 29, 0.00%, 0, 0, 3, 436.26, 221542, 324
729, 0, 306, 394, 163, 28, 0.00%, 0, 0, 3, 312.94, 223114, 327
734, 0, 306, 394, 163, 28, 0.00%, 0, 0, 3, 257.66, 224345, 327
739, 0, 306, 394, 163, 28, 0.00%, 0, 0, 3, 250.86, 225625, 327
744, 0, 306, 394, 163, 28, 0.00%, 0, 0, 3, 243.70, 226901, 327
749, 0, 306, 394, 163, 28, 0.00%, 0, 0, 3, 245.61, 228129, 327
754, 0, 306, 394, 163, 28, 0.00%, 0, 0, 3, 237.93, 229313, 327
759, 0, 306, 394, 163, 28, 0.00%, 0, 0, 3, 243.51, 230525, 327
764, 0, 306, 394, 163, 28, 0.00%, 0, 0, 3, 237.24, 231717, 327
770, 0, 306, 394, 163, 28, 0.00%, 0, 0, 3, 239.34, 232897, 327
775, 0, 306, 394, 163, 28, 0.00%, 0, 0, 3, 236.01, 234077, 327
780, 0, 306, 394, 163, 28, 0.00%, 0, 0, 3, 235.47, 235317, 327
785, 0, 306, 394, 163, 28, 0.00%, 0, 0, 3, 231.43, 236533, 327
790, 0, 306, 394, 163, 28, 0.00%, 0, 0, 3, 220.67, 237641, 327
795, 0, 306, 395, 164, 28, 0.00%, 0, 0, 3, 253.10, 238793, 342
800, 0, 306, 395, 164, 28, 0.00%, 0, 0, 3, 235.84, 239985, 342
805, 0, 306, 395, 164, 28, 0.00%, 0, 0, 3, 233.05, 241165, 342
810, 0, 306, 395, 164, 28, 0.00%, 0, 0, 3, 237.22, 242373, 342
815, 0, 306, 395, 164, 28, 0.00%, 0, 0, 3, 223.48, 243441, 342
820, 0, 306, 395, 164, 28, 0.00%, 0, 0, 3, 229.22, 244629, 342
826, 0, 306, 395, 164, 28, 0.00%, 0, 0, 3, 217.93, 245737, 342
831, 0, 306, 395, 164, 28, 0.00%, 0, 0, 3, 218.61, 246817, 342
836, 0, 306, 395, 164, 28, 0.00%, 0, 0, 3, 223.71, 247937, 342
841, 0, 306, 395, 164, 28, 0.00%, 0, 0, 3, 236.27, 249153, 342
846, 0, 306, 395, 164, 28, 0.00%, 0, 0, 3, 237.90, 250389, 342
851, 0, 306, 395, 164, 28, 0.00%, 0, 0, 3, 235.15, 251565, 342
856, 0, 306, 395, 164, 28, 0.00%, 0, 0, 3, 226.35, 252721, 342
861, 0, 306, 395, 164, 28, 0.00%, 0, 0, 3, 271.49, 253803, 342
866, 0, 306, 395, 164, 28, 0.00%, 0, 0, 3, 246.19, 255005, 342
871, 0, 393, 395, 163, 27, 0.00%, 0, 0, 3, 227.85, 256132, 342
876, 0, 393, 396, 164, 27, 0.00%, 0, 0, 3, 227.35, 257280, 342
881, 0, 393, 396, 164, 27, 0.00%, 0, 0, 3, 226.14, 258460, 342
887, 0, 393, 396, 164, 27, 0.00%, 0, 0, 3, 196.46, 259464, 342
892, 0, 393, 396, 164, 27, 0.00%, 0, 0, 3, 181.23, 260299, 342
897, 0, 393, 396, 164, 27, 0.00%, 0, 0, 3, 205.60, 261336, 342
902, 0, 393, 396, 164, 27, 0.00%, 0, 0, 3, 243.25, 262184, 342
907, 0, 393, 396, 164, 27, 0.00%, 0, 0, 3, 203.41, 263168, 342
912, 0, 393, 396, 164, 27, 0.00%, 0, 0, 3, 225.04, 264188, 342
917, 0, 393, 396, 164, 27, 0.00%, 0, 0, 3, 213.90, 265220, 342
923, 0, 393, 396, 164, 27, 0.00%, 0, 0, 3, 224.73, 266348, 342
928, 0, 393, 396, 164, 27, 0.00%, 0, 0, 3, 219.96, 267472, 342
933, 0, 393, 397, 165, 27, 0.00%, 0, 0, 3, 228.94, 268644, 346
938, 0, 393, 397, 165, 27, 0.00%, 0, 0, 3, 230.87, 269860, 346
943, 0, 393, 397, 165, 27, 0.00%, 0, 0, 3, 232.66, 271032, 346
948, 0, 393, 397, 165, 27, 0.00%, 0, 0, 3, 228.01, 272096, 346
953, 0, 393, 397, 165, 27, 0.00%, 0, 0, 3, 229.09, 273020, 346
958, 0, 393, 397, 165, 27, 0.00%, 0, 0, 3, 256.11, 274128, 346
963, 0, 393, 397, 165, 27, 0.00%, 0, 0, 3, 236.12, 275296, 346
968, 0, 393, 397, 165, 27, 0.00%, 0, 0, 3, 241.14, 276500, 346
973, 0, 393, 397, 165, 27, 0.00%, 0, 0, 3, 247.13, 277780, 346
979, 0, 393, 397, 165, 27, 0.00%, 0, 0, 3, 234.13, 278988, 346
984, 0, 393, 397, 165, 27, 0.00%, 0, 0, 3, 239.53, 280240, 346
989, 0, 393, 397, 165, 27, 0.00%, 0, 0, 3, 225.85, 281316, 346
994, 0, 393, 397, 165, 27, 0.00%, 0, 0, 3, 231.83, 282464, 346
999, 0, 393, 397, 165, 27, 0.00%, 0, 0, 3, 235.78, 283656, 346
1004, 0, 393, 397, 165, 27, 0.00%, 0, 0, 3, 230.10, 284836, 346
1009, 0, 393, 397, 165, 27, 0.00%, 0, 0, 3, 235.21, 286020, 346
1014, 0, 393, 397, 165, 27, 0.00%, 0, 0, 3, 240.92, 287212, 346
1019, 0, 377, 397, 164, 27, 0.00%, 0, 0, 3, 246.87, 288434, 346
1024, 0, 377, 397, 164, 27, 0.00%, 0, 0, 3, 258.62, 289744, 346
1029, 0, 377, 397, 164, 27, 0.00%, 0, 0, 3, 252.21, 290979, 346
1034, 0, 377, 397, 164, 27, 0.00%, 0, 0, 3, 258.61, 292295, 346
1039, 0, 377, 397, 164, 27, 0.00%, 0, 0, 3, 264.46, 293540, 346
1045, 0, 377, 397, 164, 27, 0.00%, 0, 0, 3, 261.11, 294855, 346
1050, 0, 377, 397, 164, 27, 0.00%, 0, 0, 3, 259.38, 296080, 346
1055, 0, 377, 397, 164, 27, 0.00%, 0, 0, 3, 253.22, 297365, 346
1060, 0, 377, 397, 164, 27, 0.00%, 0, 0, 3, 239.21, 298535, 346
1065, 0, 377, 398, 165, 27, 0.00%, 0, 0, 3, 235.12, 299747, 348
1070, 0, 377, 398, 165, 27, 0.00%, 0, 0, 3, 227.84, 300915, 348
1076, 0, 377, 398, 165, 27, 0.00%, 0, 0, 3, 257.61, 302115, 348
1081, 0, 377, 398, 165, 27, 0.00%, 0, 0, 3, 255.73, 303420, 348
1086, 0, 377, 398, 165, 27, 0.00%, 0, 0, 3, 264.62, 304790, 348
1091, 0, 377, 399, 166, 27, 0.00%, 0, 0, 3, 264.48, 306145, 352
1096, 0, 377, 399, 166, 27, 0.00%, 0, 0, 3, 273.00, 307550, 352
1101, 0, 377, 399, 166, 27, 0.00%, 0, 0, 3, 267.86, 308900, 352
1106, 0, 377, 399, 166, 27, 0.00%, 0, 0, 3, 241.91, 310051, 352
1111, 0, 377, 400, 167, 27, 0.00%, 0, 0, 3, 236.17, 311183, 354
1116, 0, 377, 400, 167, 27, 0.00%, 0, 0, 3, 251.79, 312470, 354
1122, 0, 377, 400, 167, 27, 0.00%, 0, 0, 3, 261.44, 313840, 354
1127, 0, 377, 400, 167, 27, 0.00%, 0, 0, 3, 273.32, 315230, 354
1132, 0, 377, 400, 167, 27, 0.00%, 0, 0, 3, 265.78, 316540, 354
1137, 0, 377, 400, 167, 27, 0.00%, 0, 0, 3, 268.40, 317955, 354
1142, 0, 377, 400, 167, 27, 0.00%, 0, 0, 3, 269.09, 319320, 354
1147, 0, 377, 400, 167, 27, 0.00%, 0, 0, 3, 260.56, 320650, 354
1152, 0, 394, 402, 168, 26, 0.00%, 0, 0, 3, 242.90, 321845, 354
1157, 0, 394, 402, 168, 26, 0.00%, 0, 0, 3, 216.80, 322821, 354
1162, 0, 394, 402, 168, 26, 0.00%, 0, 0, 3, 222.75, 323973, 354
1167, 0, 394, 402, 168, 26, 0.00%, 0, 0, 3, 218.36, 325069, 354
1173, 0, 394, 402, 168, 26, 0.00%, 0, 0, 3, 221.83, 326225, 354
1178, 0, 394, 402, 168, 26, 0.00%, 0, 0, 3, 219.96, 327369, 354
1183, 0, 394, 402, 168, 26, 0.00%, 0, 0, 3, 219.05, 328461, 354
1188, 0, 394, 402, 168, 26, 0.00%, 0, 0, 3, 229.39, 329625, 354
1193, 0, 394, 402, 168, 26, 0.00%, 0, 0, 3, 233.29, 330753, 354
1198, 0, 394, 402, 168, 26, 0.00%, 0, 0, 3, 237.10, 331949, 354
1203, 0, 394, 402, 168, 26, 0.00%, 0, 0, 3, 236.85, 333169, 354
1208, 0, 394, 402, 168, 26, 0.00%, 0, 0, 3, 233.25, 334377, 354
1214, 0, 394, 402, 168, 26, 0.00%, 0, 0, 3, 231.30, 335573, 354
1219, 0, 394, 402, 168, 26, 0.00%, 0, 0, 3, 233.09, 336773, 354
1224, 0, 394, 402, 168, 26, 0.00%, 0, 0, 3, 208.13, 337741, 354
1229, 0, 394, 402, 168, 26, 0.00%, 0, 0, 3, 192.55, 338666, 354
1234, 0, 394, 402, 168, 26, 0.00%, 0, 0, 3, 197.73, 339641, 354
1239, 0, 394, 402, 168, 26, 0.00%, 0, 0, 3, 205.70, 340657, 354
1244, 0, 394, 402, 168, 26, 0.00%, 0, 0, 3, 212.96, 341717, 354
1250, 0, 394, 402, 168, 26, 0.00%, 0, 0, 3, 226.11, 342881, 354
1255, 0, 394, 402, 168, 26, 0.00%, 0, 0, 3, 237.83, 343965, 354
1260, 0, 394, 402, 168, 26, 0.00%, 0, 0, 3, 227.36, 345081, 354
1265, 0, 394, 402, 168, 26, 0.00%, 0, 0, 3, 227.25, 346269, 354
1270, 0, 394, 402, 168, 26, 0.00%, 0, 0, 3, 235.12, 347485, 354
1275, 0, 394, 402, 168, 26, 0.00%, 0, 0, 3, 226.16, 348581, 354
1280, 0, 394, 402, 168, 26, 0.00%, 0, 0, 3, 226.51, 349745, 354
1285, 0, 394, 402, 168, 26, 0.00%, 0, 0, 3, 224.95, 350869, 354
1291, 0, 394, 402, 168, 26, 0.00%, 0, 0, 3, 199.30, 351827, 354
1296, 0, 394, 402, 168, 26, 0.00%, 0, 0, 3, 231.49, 353049, 354
1301, 0, 371, 402, 167, 25, 0.00%, 0, 0, 3, 240.48, 354252, 354
1306, 0, 371, 402, 167, 25, 0.00%, 0, 0, 3, 277.15, 355593, 354
1311, 0, 371, 402, 167, 25, 0.00%, 0, 0, 3, 269.91, 356933, 354
1316, 0, 371, 402, 167, 25, 0.00%, 0, 0, 3, 270.94, 358293, 354
1321, 0, 371, 402, 167, 25, 0.00%, 0, 0, 3, 272.25, 359663, 354
1326, 0, 371, 402, 167, 25, 0.00%, 0, 0, 3, 272.35, 361033, 354
1331, 0, 371, 402, 167, 25, 0.00%, 0, 0, 3, 264.87, 362413, 354
1336, 0, 371, 402, 167, 25, 0.00%, 0, 0, 3, 255.37, 363728, 354
1341, 0, 371, 402, 167, 25, 0.00%, 0, 0, 3, 263.88, 365078, 354
1346, 0, 371, 402, 167, 25, 0.00%, 0, 0, 3, 255.61, 366383, 354
1351, 0, 371, 402, 167, 25, 0.00%, 0, 0, 3, 255.98, 367673, 354
1356, 0, 371, 402, 167, 25, 0.00%, 0, 0, 3, 261.74, 368983, 354
1361, 0, 371, 402, 167, 25, 0.00%, 0, 0, 3, 259.57, 370298, 354
1366, 0, 371, 402, 167, 25, 0.00%, 0, 0, 3, 256.48, 371588, 354
1372, 0, 371, 402, 167, 25, 0.00%, 0, 0, 3, 262.00, 372898, 354
1377, 0, 371, 403, 168, 25, 0.00%, 0, 0, 3, 258.39, 374238, 356
1382, 0, 371, 403, 168, 25, 0.00%, 0, 0, 3, 258.66, 375553, 356
1387, 0, 371, 403, 168, 25, 0.00%, 0, 0, 3, 236.53, 376652, 356
1392, 0, 371, 403, 168, 25, 0.00%, 0, 0, 3, 241.02, 377888, 356
1397, 0, 371, 403, 168, 25, 0.00%, 0, 0, 3, 251.07, 379148, 356
1402, 0, 371, 403, 168, 25, 0.00%, 0, 0, 3, 263.00, 380478, 356
1407, 0, 371, 403, 168, 25, 0.00%, 0, 0, 3, 265.04, 381818, 356
1412, 0, 371, 403, 168, 25, 0.00%, 0, 0, 3, 268.89, 383183, 356
1417, 0, 371, 403, 168, 25, 0.00%, 0, 0, 3, 257.86, 384483, 356
1422, 0, 371, 403, 168, 25, 0.00%, 0, 0, 3, 255.56, 385768, 356
1427, 0, 390, 403, 167, 24, 0.00%, 0, 0, 3, 327.92, 387346, 356
1432, 0, 390, 403, 167, 24, 0.00%, 0, 0, 3, 414.64, 389602, 356
1437, 0, 390, 403, 167, 24, 0.00%, 0, 0, 3, 432.85, 391834, 356
1443, 0, 390, 403, 167, 24, 0.00%, 0, 0, 3, 435.45, 394066, 356
1448, 0, 374, 403, 166, 23, 0.00%, 0, 0, 3, 325.66, 395678, 356
1453, 0, 374, 403, 166, 23, 0.00%, 0, 0, 3, 279.68, 397020, 356
1458, 0, 374, 403, 166, 23, 0.00%, 0, 0, 3, 257.59, 398305, 356
1463, 0, 374, 403, 166, 23, 0.00%, 0, 0, 3, 258.92, 399610, 356
1468, 0, 374, 403, 166, 23, 0.00%, 0, 0, 3, 246.20, 400872, 356
1473, 0, 374, 403, 166, 23, 0.00%, 0, 0, 3, 219.95, 402004, 356
1478, 0, 374, 403, 166, 23, 0.00%, 0, 0, 3, 243.32, 403256, 356
1484, 0, 374, 403, 166, 23, 0.00%, 0, 0, 3, 234.75, 404348, 356
1489, 0, 374, 403, 166, 23, 0.00%, 0, 0, 3, 237.34, 405516, 356
1494, 0, 374, 403, 166, 23, 0.00%, 0, 0, 3, 256.70, 406870, 356
1499, 0, 374, 403, 166, 23, 0.00%, 0, 0, 3, 259.65, 408180, 356
1504, 0, 374, 403, 166, 23, 0.00%, 0, 0, 3, 237.42, 409376, 356
1509, 0, 374, 403, 166, 23, 0.00%, 0, 0, 3, 230.08, 410500, 356
1514, 0, 374, 403, 166, 23, 0.00%, 0, 0, 3, 237.24, 411728, 356
1519, 0, 374, 403, 166, 23, 0.00%, 0, 0, 3, 239.61, 412920, 356
1524, 0, 374, 403, 166, 23, 0.00%, 0, 0, 3, 240.89, 414144, 356
1530, 0, 374, 403, 166, 23, 0.00%, 0, 0, 3, 236.82, 415312, 356
1535, 0, 374, 403, 166, 23, 0.00%, 0, 0, 3, 245.68, 416576, 356
1540, 0, 374, 403, 166, 23, 0.00%, 0, 0, 3, 243.35, 417840, 356
1545, 0, 374, 403, 166, 23, 0.00%, 0, 0, 3, 234.37, 419080, 356
1550, 0, 374, 403, 166, 23, 0.00%, 0, 0, 3, 230.34, 420248, 356
1555, 0, 374, 403, 166, 23, 0.00%, 0, 0, 3, 62.42, 421393, 356
1560, 0, 374, 403, 166, 23, 0.00%, 0, 0, 3, 217.25, 422416, 356
1566, 0, 374, 403, 166, 23, 0.00%, 0, 0, 3, 229.49, 423556, 356
1571, 0, 374, 403, 166, 23, 0.00%, 0, 0, 3, 190.66, 424493, 356
1576, 0, 374, 403, 166, 23, 0.00%, 0, 0, 3, 190.03, 425433, 356
1581, 0, 374, 403, 166, 23, 0.00%, 0, 0, 3, 238.18, 426661, 356
1586, 0, 380, 403, 165, 22, 0.00%, 0, 0, 3, 301.09, 428159, 356
1591, 0, 380, 403, 165, 22, 0.00%, 0, 0, 3, 420.12, 430481, 356
1596, 0, 380, 403, 165, 22, 0.00%, 0, 0, 3, 431.61, 432705, 356
1601, 0, 380, 403, 165, 22, 0.00%, 0, 0, 3, 433.09, 434921, 356
1606, 0, 382, 403, 164, 21, 0.00%, 0, 0, 3, 430.22, 437139, 356
1611, 0, 382, 403, 164, 21, 0.00%, 0, 0, 3, 433.08, 439291, 356
1617, 0, 382, 403, 164, 21, 0.00%, 0, 0, 3, 427.42, 441507, 356
1622, 0, 382, 403, 164, 21, 0.00%, 0, 0, 3, 424.74, 443619, 356
1627, 0, 396, 403, 163, 20, 0.00%, 0, 0, 3, 194.72, 444799, 356
1632, 0, 396, 403, 163, 20, 0.00%, 0, 0, 3, 201.95, 445825, 356
1637, 0, 396, 403, 163, 20, 0.00%, 0, 0, 3, 209.78, 446905, 356
1642, 0, 396, 403, 163, 20, 0.00%, 0, 0, 3, 203.91, 447933, 356
1647, 0, 396, 403, 163, 20, 0.00%, 0, 0, 3, 214.03, 449049, 356
1652, 0, 396, 403, 163, 20, 0.00%, 0, 0, 3, 210.61, 450105, 356
1657, 0, 396, 403, 163, 20, 0.00%, 0, 0, 3, 215.28, 451205, 356
1662, 0, 396, 403, 163, 20, 0.00%, 0, 0, 3, 213.22, 452273, 356
1667, 0, 396, 403, 163, 20, 0.00%, 0, 0, 3, 211.72, 453333, 356
1672, 0, 396, 403, 163, 20, 0.00%, 0, 0, 3, 213.37, 454401, 356
1677, 0, 396, 403, 163, 20, 0.00%, 0, 0, 3, 211.02, 455473, 356
1682, 0, 396, 403, 163, 20, 0.00%, 0, 0, 3, 211.44, 456549, 356
1687, 0, 396, 403, 163, 20, 0.00%, 0, 0, 3, 215.65, 457641, 356
1693, 0, 396, 403, 163, 20, 0.00%, 0, 0, 3, 223.02, 458809, 356
1698, 0, 396, 403, 163, 20, 0.00%, 0, 0, 3, 217.14, 459905, 356
1703, 0, 396, 403, 163, 20, 0.00%, 0, 0, 3, 206.61, 460929, 356
1708, 0, 396, 403, 163, 20, 0.00%, 0, 0, 3, 215.04, 462029, 356
1713, 0, 396, 403, 163, 20, 0.00%, 0, 0, 3, 220.76, 463177, 356
1718, 0, 396, 403, 163, 20, 0.00%, 0, 0, 3, 216.94, 464269, 356
1723, 0, 396, 403, 163, 20, 0.00%, 0, 0, 3, 211.46, 465341, 356
1728, 0, 396, 403, 163, 20, 0.00%, 0, 0, 3, 211.81, 466457, 356
1733, 0, 396, 403, 163, 20, 0.00%, 0, 0, 3, 214.15, 467525, 356
1739, 0, 396, 403, 163, 20, 0.00%, 0, 0, 3, 219.14, 468677, 356
1744, 0, 396, 403, 163, 20, 0.00%, 0, 0, 3, 210.59, 469737, 356
1749, 0, 396, 403, 163, 20, 0.00%, 0, 0, 3, 149.12, 470673, 356
1754, 0, 396, 403, 163, 20, 0.00%, 0, 0, 3, 195.60, 471730, 356
1759, 0, 396, 403, 163, 20, 0.00%, 0, 0, 3, 208.84, 472825, 356
1764, 0, 396, 403, 163, 20, 0.00%, 0, 0, 3, 198.75, 473773, 356
1769, 0, 396, 403, 163, 20, 0.00%, 0, 0, 3, 198.26, 474709, 356
1774, 0, 396, 403, 163, 20, 0.00%, 0, 0, 3, 183.57, 475585, 356
1780, 0, 396, 403, 163, 20, 0.00%, 0, 0, 3, 199.54, 476599, 356
1785, 0, 392, 406, 165, 19, 0.00%, 0, 0, 3, 203.88, 477632, 356
1790, 0, 392, 406, 165, 19, 0.00%, 0, 0, 3, 210.59, 478692, 356
1795, 0, 392, 406, 165, 19, 0.00%, 0, 0, 3, 206.98, 479684, 356
1800, 0, 392, 406, 165, 19, 0.00%, 0, 0, 3, 224.05, 480872, 356
1805, 0, 392, 407, 166, 19, 0.00%, 0, 0, 3, 221.06, 481952, 357
1810, 0, 392, 407, 166, 19, 0.00%, 0, 0, 3, 214.51, 483036, 357
1816, 0, 392, 407, 166, 19, 0.00%, 0, 0, 3, 179.36, 483998, 357
1821, 0, 392, 407, 166, 19, 0.00%, 0, 0, 3, 187.10, 484961, 357
1826, 0, 392, 407, 166, 19, 0.00%, 0, 0, 3, 204.64, 485972, 357
1831, 0, 392, 407, 166, 19, 0.00%, 0, 0, 3, 224.68, 487009, 357
1836, 0, 392, 407, 166, 19, 0.00%, 0, 0, 3, 224.69, 488149, 357
1841, 0, 392, 407, 166, 19, 0.00%, 0, 0, 3, 218.27, 489305, 357
1846, 0, 392, 407, 166, 19, 0.00%, 0, 0, 3, 210.56, 490353, 357
1851, 0, 392, 407, 166, 19, 0.00%, 0, 0, 3, 213.47, 491429, 357
1857, 0, 392, 407, 166, 19, 0.00%, 0, 0, 3, 222.57, 492597, 357
1862, 0, 392, 407, 166, 19, 0.00%, 0, 0, 3, 215.34, 493677, 357
1867, 0, 392, 407, 166, 19, 0.00%, 0, 0, 3, 210.56, 494693, 357
1872, 0, 392, 407, 166, 19, 0.00%, 0, 0, 3, 213.56, 495773, 357
1877, 0, 392, 407, 166, 19, 0.00%, 0, 0, 3, 205.88, 496787, 357
1882, 0, 392, 407, 166, 19, 0.00%, 0, 0, 3, 205.89, 497721, 357
1887, 0, 392, 407, 166, 19, 0.00%, 0, 0, 3, 212.06, 498813, 357
1892, 0, 392, 407, 166, 19, 0.00%, 0, 0, 3, 218.69, 499917, 357
1897, 0, 392, 407, 166, 19, 0.00%, 0, 0, 3, 203.56, 500893, 357
1902, 0, 392, 407, 166, 19, 0.00%, 0, 0, 3, 214.34, 502013, 357
1907, 0, 392, 407, 166, 19, 0.00%, 0, 0, 3, 212.55, 503109, 357
1912, 0, 392, 407, 166, 19, 0.00%, 0, 0, 3, 212.88, 504173, 357
1918, 0, 392, 407, 166, 19, 0.00%, 0, 0, 3, 206.73, 505245, 357
1923, 0, 392, 407, 166, 19, 0.00%, 0, 0, 3, 211.52, 506309, 357
1928, 0, 392, 407, 166, 19, 0.00%, 0, 0, 3, 208.09, 507361, 357
1933, 0, 392, 407, 166, 19, 0.00%, 0, 0, 3, 219.29, 508465, 357
1938, 0, 392, 407, 166, 19, 0.00%, 0, 0, 3, 211.16, 509505, 357
1943, 0, 382, 407, 165, 19, 0.00%, 0, 0, 3, 371.78, 511540, 357
1948, 0, 382, 407, 165, 19, 0.00%, 0, 0, 3, 425.74, 513821, 357
1953, 0, 382, 407, 165, 19, 0.00%, 0, 0, 3, 435.52, 516053, 357
1958, 0, 386, 407, 165, 19, 0.00%, 0, 0, 3, 212.50, 518036, 357
1963, 0, 386, 407, 165, 19, 0.00%, 0, 0, 3, 245.05, 519300, 357
1968, 0, 386, 407, 165, 19, 0.00%, 0, 0, 3, 240.26, 520524, 357
1974, 0, 386, 407, 165, 19, 0.00%, 0, 0, 3, 241.33, 521772, 357
1979, 0, 386, 407, 165, 19, 0.00%, 0, 0, 3, 241.48, 522988, 357
1984, 0, 386, 407, 165, 19, 0.00%, 0, 0, 3, 255.34, 524302, 357
1989, 0, 386, 407, 165, 19, 0.00%, 0, 0, 3, 243.36, 525564, 357
1994, 0, 386, 407, 165, 19, 0.00%, 0, 0, 3, 244.56, 526800, 357
1999, 0, 386, 407, 165, 19, 0.00%, 0, 0, 3, 235.12, 527992, 357
2004, 0, 386, 407, 165, 19, 0.00%, 0, 0, 3, 234.97, 529208, 357
2010, 0, 386, 407, 165, 19, 0.00%, 0, 0, 3, 252.27, 530507, 357
2015, 0, 386, 407, 165, 19, 0.00%, 0, 0, 3, 254.47, 531842, 357
2020, 0, 386, 407, 165, 19, 0.00%, 0, 0, 3, 251.64, 533122, 357
2025, 0, 386, 407, 165, 19, 0.00%, 0, 0, 3, 242.88, 534392, 357
2030, 0, 386, 407, 165, 19, 0.00%, 0, 0, 3, 256.22, 535677, 357
2035, 0, 386, 407, 165, 19, 0.00%, 0, 0, 3, 251.24, 536987, 357
2040, 0, 386, 407, 165, 19, 0.00%, 0, 0, 3, 250.14, 538232, 357
2045, 0, 386, 407, 165, 19, 0.00%, 0, 0, 3, 48.58, 539424, 357
2051, 0, 386, 407, 165, 19, 0.00%, 0, 0, 3, 208.65, 540688, 357
2056, 0, 386, 407, 165, 19, 0.00%, 0, 0, 3, 235.11, 541936, 357
2061, 0, 386, 407, 165, 19, 0.00%, 0, 0, 3, 249.52, 543200, 357
2066, 0, 386, 407, 165, 19, 0.00%, 0, 0, 3, 262.47, 544532, 357
2071, 0, 386, 407, 165, 19, 0.00%, 0, 0, 3, 254.69, 545807, 357
2076, 0, 386, 407, 165, 19, 0.00%, 0, 0, 3, 241.68, 547040, 357
2081, 0, 386, 407, 165, 19, 0.00%, 0, 0, 3, 224.10, 548144, 357
2086, 0, 386, 407, 165, 19, 0.00%, 0, 0, 3, 212.28, 549164, 357
2091, 0, 386, 407, 165, 19, 0.00%, 0, 0, 3, 228.54, 550332, 357
2096, 0, 389, 407, 164, 18, 0.00%, 0, 0, 3, 342.44, 552148, 357
2101, 0, 389, 407, 164, 18, 0.00%, 0, 0, 3, 399.51, 554276, 357
2106, 0, 389, 407, 164, 18, 0.00%, 0, 0, 3, 406.68, 556344, 357
2112, 0, 389, 407, 164, 18, 0.00%, 0, 0, 3, 410.59, 558416, 357
2117, 0, 372, 407, 164, 18, 0.00%, 0, 0, 3, 294.69, 559845, 357
2122, 0, 372, 407, 164, 18, 0.00%, 0, 0, 3, 256.78, 561110, 357
2127, 0, 372, 407, 164, 18, 0.00%, 0, 0, 3, 242.76, 562318, 357
2132, 0, 372, 407, 164, 18, 0.00%, 0, 0, 3, 247.19, 563546, 357
2137, 0, 372, 407, 164, 18, 0.00%, 0, 0, 3, 241.64, 564810, 357
2142, 0, 372, 407, 164, 18, 0.00%, 0, 0, 3, 226.59, 565954, 357
2147, 0, 372, 407, 164, 18, 0.00%, 0, 0, 3, 246.63, 567258, 357
2152, 0, 372, 407, 164, 18, 0.00%, 0, 0, 3, 254.01, 568580, 357
2157, 0, 372, 407, 164, 18, 0.00%, 0, 0, 3, 255.07, 569855, 357
2162, 0, 372, 407, 164, 18, 0.00%, 0, 0, 3, 263.58, 571200, 357
2168, 0, 372, 407, 164, 18, 0.00%, 0, 0, 3, 264.69, 572420, 357
2173, 0, 372, 407, 164, 18, 0.00%, 0, 0, 3, 232.01, 573534, 357
2178, 0, 372, 407, 164, 18, 0.00%, 0, 0, 3, 240.46, 574750, 357
2183, 0, 372, 407, 164, 18, 0.00%, 0, 0, 3, 240.33, 575922, 357
2188, 0, 372, 407, 164, 18, 0.00%, 0, 0, 3, 258.02, 577245, 357
2193, 0, 372, 407, 164, 18, 0.00%, 0, 0, 3, 248.46, 578530, 357
2198, 0, 372, 407, 164, 18, 0.00%, 0, 0, 3, 237.97, 579702, 357
2203, 0, 372, 407, 164, 18, 0.00%, 0, 0, 3, 240.89, 580922, 357
2208, 0, 372, 407, 164, 18, 0.00%, 0, 0, 3, 242.68, 582142, 357
2213, 0, 372, 407, 164, 18, 0.00%, 0, 0, 3, 237.87, 583358, 357
2218, 0, 372, 407, 164, 18, 0.00%, 0, 0, 3, 236.80, 584542, 357
2223, 0, 372, 407, 164, 18, 0.00%, 0, 0, 3, 230.41, 585686, 357
2228, 0, 372, 407, 164, 18, 0.00%, 0, 0, 3, 233.83, 586882, 357
2234, 0, 372, 407, 164, 18, 0.00%, 0, 0, 3, 239.65, 588142, 357
2239, 0, 372, 407, 164, 18, 0.00%, 0, 0, 3, 239.51, 589358, 357
2244, 0, 372, 407, 164, 18, 0.00%, 0, 0, 3, 240.51, 590606, 357
2249, 0, 356, 407, 163, 17, 0.00%, 0, 0, 3, 238.27, 591789, 357
2254, 0, 356, 408, 164, 17, 0.00%, 0, 0, 3, 246.93, 593037, 357
2259, 0, 356, 408, 164, 17, 0.00%, 0, 0, 3, 257.20, 594342, 357
2264, 0, 356, 408, 164, 17, 0.00%, 0, 0, 3, 262.85, 595712, 357
2269, 0, 356, 408, 164, 17, 0.00%, 0, 0, 3, 257.36, 596957, 357
2275, 0, 356, 408, 164, 17, 0.00%, 0, 0, 3, 241.27, 598193, 357
2280, 0, 356, 408, 164, 17, 0.00%, 0, 0, 3, 252.78, 599382, 357
2285, 0, 356, 408, 164, 17, 0.00%, 0, 0, 3, 262.85, 600707, 357
2290, 0, 356, 408, 164, 17, 0.00%, 0, 0, 3, 263.98, 602062, 357
2295, 0, 356, 408, 164, 17, 0.00%, 0, 0, 3, 260.02, 603357, 357
2300, 0, 356, 408, 164, 17, 0.00%, 0, 0, 3, 264.12, 604672, 357
2305, 0, 356, 408, 164, 17, 0.00%, 0, 0, 3, 260.53, 605977, 357
2310, 0, 356, 408, 164, 17, 0.00%, 0, 0, 3, 254.28, 607282, 357
2315, 0, 356, 408, 164, 17, 0.00%, 0, 0, 3, 240.82, 608425, 357
2320, 0, 356, 408, 164, 17, 0.00%, 0, 0, 3, 249.20, 609597, 357
2325, 0, 356, 408, 164, 17, 0.00%, 0, 0, 3, 261.87, 610877, 357
2330, 0, 356, 408, 164, 17, 0.00%, 0, 0, 3, 263.58, 612197, 357
2336, 0, 356, 408, 164, 17, 0.00%, 0, 0, 3, 267.15, 613587, 357
2341, 0, 356, 408, 164, 17, 0.00%, 0, 0, 3, 267.26, 614922, 357
2346, 0, 356, 408, 164, 17, 0.00%, 0, 0, 3, 276.15, 616287, 357
2351, 0, 356, 408, 164, 17, 0.00%, 0, 0, 3, 268.78, 617617, 357
2356, 0, 356, 408, 164, 17, 0.00%, 0, 0, 3, 266.93, 618937, 357
2361, 0, 356, 408, 164, 17, 0.00%, 0, 0, 3, 258.80, 620267, 357
2366, 0, 356, 408, 164, 17, 0.00%, 0, 0, 3, 254.22, 621547, 357
2371, 0, 356, 408, 164, 17, 0.00%, 0, 0, 3, 269.53, 622927, 357
2376, 0, 356, 408, 164, 17, 0.00%, 0, 0, 3, 273.09, 624297, 357
2381, 0, 407, 408, 163, 17, 0.00%, 0, 0, 3, 256.24, 625601, 357
2386, 0, 407, 408, 163, 17, 0.00%, 0, 0, 3, 239.35, 626704, 357
2391, 0, 407, 408, 163, 17, 0.00%, 0, 0, 3, 256.19, 628046, 357
2397, 0, 407, 408, 163, 17, 0.00%, 0, 0, 3, 258.55, 629361, 357
2402, 0, 407, 408, 163, 17, 0.00%, 0, 0, 3, 247.18, 630624, 357
2407, 0, 407, 408, 163, 17, 0.00%, 0, 0, 3, 255.50, 631916, 357
2412, 0, 407, 408, 163, 17, 0.00%, 0, 0, 3, 262.60, 633271, 357
2417, 0, 407, 408, 163, 17, 0.00%, 0, 0, 3, 245.16, 634484, 357
2422, 0, 407, 408, 163, 17, 0.00%, 0, 0, 3, 12.99, 635801, 357
2427, 0, 407, 408, 163, 17, 0.00%, 0, 0, 3, 255.93, 637041, 357
2432, 0, 407, 408, 163, 17, 0.00%, 0, 0, 3, 251.82, 638236, 357
2437, 0, 407, 408, 163, 17, 0.00%, 0, 0, 3, 248.93, 639512, 357
2443, 0, 407, 408, 163, 17, 0.00%, 0, 0, 3, 257.33, 640821, 357
2448, 0, 407, 408, 163, 17, 0.00%, 0, 0, 3, 250.00, 642147, 357
2453, 0, 407, 408, 163, 17, 0.00%, 0, 0, 3, 258.47, 643281, 357
2458, 0, 407, 408, 163, 17, 0.00%, 0, 0, 3, 251.59, 644496, 357
2463, 0, 407, 408, 163, 17, 0.00%, 0, 0, 3, 250.07, 645761, 357
2468, 0, 407, 408, 163, 17, 0.00%, 0, 0, 3, 260.21, 646881, 357
2473, 0, 407, 408, 163, 17, 0.00%, 0, 0, 3, 250.11, 648084, 357
2478, 0, 407, 408, 163, 17, 0.00%, 0, 0, 3, 261.85, 649411, 357
2483, 0, 407, 408, 163, 17, 0.00%, 0, 0, 3, 261.68, 650746, 357
2488, 0, 407, 408, 163, 17, 0.00%, 0, 0, 3, 256.63, 652041, 357
2493, 0, 407, 408, 163, 17, 0.00%, 0, 0, 3, 267.61, 653401, 357
2499, 0, 407, 408, 163, 17, 0.00%, 0, 0, 3, 252.78, 654571, 357
2504, 0, 407, 408, 163, 17, 0.00%, 0, 0, 3, 259.33, 655876, 357
2509, 0, 149, 408, 162, 16, 0.00%, 0, 0, 3, 271.56, 657294, 357
2514, 0, 149, 410, 164, 16, 0.00%, 0, 0, 3, 396.99, 659448, 359
2519, 0, 149, 410, 164, 16, 0.00%, 0, 0, 3, 429.50, 661721, 359
2524, 0, 149, 410, 164, 16, 0.00%, 0, 0, 3, 425.25, 663913, 359
2529, 0, 149, 434, 187, 15, 0.00%, 0, 0, 3, 350.89, 665758, 381
2534, 0, 408, 445, 198, 33, 0.00%, 0, 0, 3, 410.64, 667791, 387
2539, 0, 408, 445, 198, 33, 0.00%, 0, 0, 3, 431.62, 670031, 387
2545, 0, 408, 445, 198, 33, 0.00%, 0, 0, 3, 433.23, 672271, 387
2550, 0, 383, 445, 197, 32, 0.00%, 0, 0, 3, 432.57, 674479, 387
2555, 0, 383, 445, 197, 32, 0.00%, 0, 0, 3, 428.48, 676695, 387
2560, 0, 383, 445, 197, 32, 0.00%, 0, 0, 3, 426.78, 678895, 387
2565, 0, 383, 445, 197, 32, 0.00%, 0, 0, 3, 427.82, 681095, 387
2570, 0, 437, 445, 197, 32, 0.00%, 0, 0, 3, 309.03, 682715, 387
2575, 0, 437, 445, 197, 32, 0.00%, 0, 0, 3, 198.52, 683589, 387
2581, 0, 437, 445, 197, 32, 0.00%, 0, 0, 3, 179.39, 684479, 387
2586, 0, 437, 445, 197, 32, 0.00%, 0, 0, 3, 172.04, 685175, 387
2591, 0, 437, 445, 197, 32, 0.00%, 0, 0, 3, 171.78, 686000, 387
2596, 0, 437, 445, 197, 32, 0.00%, 0, 0, 3, 174.74, 686846, 387
2601, 0, 437, 445, 197, 32, 0.00%, 0, 0, 3, 182.86, 687779, 387
2606, 0, 437, 445, 197, 32, 0.00%, 0, 0, 3, 175.62, 688587, 387
2612, 0, 437, 445, 197, 32, 0.00%, 0, 0, 3, 175.76, 689478, 387
2617, 0, 437, 445, 197, 32, 0.00%, 0, 0, 3, 189.97, 690465, 387
2622, 0, 437, 445, 197, 32, 0.00%, 0, 0, 3, 195.04, 691485, 387
2627, 0, 437, 445, 197, 32, 0.00%, 0, 0, 3, 189.36, 692472, 387
2632, 0, 437, 445, 197, 32, 0.00%, 0, 0, 3, 19.87, 693363, 387
2637, 0, 437, 445, 197, 32, 0.00%, 0, 0, 3, 179.43, 694218, 387
2643, 0, 437, 445, 197, 32, 0.00%, 0, 0, 3, 170.49, 695040, 387
2648, 0, 437, 445, 197, 32, 0.00%, 0, 0, 3, 186.06, 695961, 387
2653, 0, 437, 445, 197, 32, 0.00%, 0, 0, 3, 189.38, 696918, 387
2658, 0, 437, 445, 197, 32, 0.00%, 0, 0, 3, 188.90, 697902, 387
2663, 0, 437, 445, 197, 32, 0.00%, 0, 0, 3, 184.02, 698814, 387
2668, 0, 437, 445, 197, 32, 0.00%, 0, 0, 3, 191.24, 699669, 387
2673, 0, 437, 445, 197, 32, 0.00%, 0, 0, 3, 192.55, 700635, 387
2678, 0, 437, 445, 197, 32, 0.00%, 0, 0, 3, 185.67, 701574, 387
2683, 0, 437, 445, 197, 32, 0.00%, 0, 0, 3, 183.95, 702540, 387
2688, 0, 437, 445, 197, 32, 0.00%, 0, 0, 3, 188.60, 703473, 387
2693, 0, 437, 445, 197, 32, 0.00%, 0, 0, 3, 177.63, 704352, 387
2698, 0, 437, 445, 197, 32, 0.00%, 0, 0, 3, 182.08, 705249, 387
2704, 0, 437, 445, 197, 32, 0.00%, 0, 0, 3, 180.31, 706161, 387
2709, 0, 437, 445, 197, 32, 0.00%, 0, 0, 3, 179.63, 707028, 387
2714, 0, 437, 445, 197, 32, 0.00%, 0, 0, 3, 154.31, 707817, 387
2719, 0, 437, 445, 197, 32, 0.00%, 0, 0, 3, 172.04, 708684, 387
2724, 0, 437, 446, 198, 32, 0.00%, 0, 0, 3, 183.23, 709607, 389
2729, 0, 437, 446, 198, 32, 0.00%, 0, 0, 3, 184.61, 710564, 389
2734, 0, 437, 446, 198, 32, 0.00%, 0, 0, 3, 163.15, 711374, 389
2739, 0, 437, 446, 198, 32, 0.00%, 0, 0, 3, 165.49, 712172, 389
2745, 0, 437, 446, 198, 32, 0.00%, 0, 0, 3, 171.29, 713042, 389
2750, 0, 437, 446, 198, 32, 0.00%, 0, 0, 3, 174.35, 713864, 389
2755, 0, 437, 446, 198, 32, 0.00%, 0, 0, 3, 145.00, 714733, 389
2760, 0, 405, 447, 198, 31, 0.00%, 0, 0, 4, 182.09, 715645, 389
2765, 0, 405, 447, 198, 31, 0.00%, 0, 0, 4, 191.35, 716614, 389
2770, 0, 405, 448, 199, 31, 0.00%, 0, 0, 4, 214.07, 717701, 389
2775, 0, 405, 448, 199, 31, 0.00%, 0, 0, 4, 202.60, 718713, 389
2780, 0, 405, 448, 199, 31, 0.00%, 0, 0, 4, 209.34, 719693, 389
2785, 0, 405, 448, 199, 31, 0.00%, 0, 0, 4, 205.07, 720693, 389
2790, 0, 405, 448, 199, 31, 0.00%, 0, 0, 4, 210.48, 721737, 389
2795, 0, 405, 448, 199, 31, 0.00%, 0, 0, 4, 212.83, 722825, 389
2800, 0, 405, 448, 199, 31, 0.00%, 0, 0, 4, 205.97, 723841, 389
2805, 0, 405, 448, 199, 31, 0.00%, 0, 0, 4, 190.14, 724776, 389
2811, 0, 405, 448, 199, 31, 0.00%, 0, 0, 4, 174.62, 725604, 389
2816, 0, 405, 448, 199, 31, 0.00%, 0, 0, 4, 167.67, 726417, 389
2821, 0, 405, 448, 199, 31, 0.00%, 0, 0, 4, 161.38, 727206, 389
2826, 0, 405, 448, 199, 31, 0.00%, 0, 0, 4, 160.28, 727950, 389
2831, 0, 405, 448, 199, 31, 0.00%, 0, 0, 4, 163.60, 728775, 389
2836, 0, 405, 448, 199, 31, 0.00%, 0, 0, 4, 160.21, 729564, 389
2841, 0, 405, 448, 199, 31, 0.00%, 0, 0, 4, 153.90, 730374, 389
2846, 0, 405, 448, 199, 31, 0.00%, 0, 0, 4, 159.61, 731172, 389
2852, 0, 405, 448, 199, 31, 0.00%, 0, 0, 4, 173.04, 732048, 389
2857, 0, 405, 448, 199, 31, 0.00%, 0, 0, 4, 187.86, 732981, 389
2862, 0, 405, 448, 199, 31, 0.00%, 0, 0, 4, 203.93, 734049, 389
2867, 0, 405, 448, 199, 31, 0.00%, 0, 0, 4, 202.47, 735061, 389
2872, 0, 405, 448, 199, 31, 0.00%, 0, 0, 4, 67.81, 736054, 389
2877, 0, 405, 448, 199, 31, 0.00%, 0, 0, 4, 183.03, 737145, 389
2883, 0, 405, 448, 199, 31, 0.00%, 0, 0, 4, 24.47, 738144, 389
2888, 0, 405, 448, 199, 31, 0.00%, 0, 0, 4, 215.31, 739189, 389
2893, 0, 405, 448, 199, 31, 0.00%, 0, 0, 4, 216.43, 740305, 389
2898, 0, 405, 448, 199, 31, 0.00%, 0, 0, 4, 217.63, 741397, 389
2903, 0, 405, 448, 199, 31, 0.00%, 0, 0, 4, 219.37, 742513, 389
2908, 0, 405, 448, 199, 31, 0.00%, 0, 0, 4, 202.55, 743521, 389
2913, 0, 405, 448, 199, 31, 0.00%, 0, 0, 4, 214.20, 744601, 389
2918, 0, 405, 448, 199, 31, 0.00%, 0, 0, 4, 207.81, 745673, 389
2923, 0, 405, 448, 199, 31, 0.00%, 0, 0, 4, 213.45, 746737, 389
2928, 0, 405, 448, 199, 31, 0.00%, 0, 0, 4, 214.02, 747805, 389
2933, 0, 430, 449, 199, 30, 0.00%, 0, 0, 4, 389.83, 749951, 389
2938, 0, 430, 449, 199, 30, 0.00%, 0, 0, 4, 438.28, 752215, 389
2944, 0, 430, 449, 199, 30, 0.00%, 0, 0, 4, 442.26, 754479, 389
2949, 0, 444, 449, 198, 30, 0.00%, 0, 0, 4, 354.17, 756406, 389
2954, 0, 444, 450, 199, 30, 0.00%, 0, 0, 4, 234.44, 757449, 389
2959, 0, 444, 450, 199, 30, 0.00%, 0, 0, 4, 206.51, 758449, 389
2964, 0, 444, 450, 199, 30, 0.00%, 0, 0, 4, 193.45, 759420, 389
2969, 0, 444, 451, 200, 30, 0.00%, 0, 0, 4, 185.63, 760334, 391
2974, 0, 444, 451, 200, 30, 0.00%, 0, 0, 4, 202.70, 761405, 391
2979, 0, 444, 451, 200, 30, 0.00%, 0, 0, 4, 202.44, 762421, 391
2984, 0, 444, 451, 200, 30, 0.00%, 0, 0, 4, 199.31, 763418, 391
2990, 0, 444, 451, 200, 30, 0.00%, 0, 0, 4, 200.24, 764453, 391
2995, 0, 444, 451, 200, 30, 0.00%, 0, 0, 4, 206.27, 765485, 391
3000, 0, 444, 451, 200, 30, 0.00%, 0, 0, 4, 212.07, 766561, 391
3005, 0, 444, 451, 200, 30, 0.00%, 0, 0, 4, 203.03, 767569, 391
3010, 0, 444, 451, 200, 30, 0.00%, 0, 0, 4, 200.11, 768578, 391
3015, 0, 444, 451, 200, 30, 0.00%, 0, 0, 4, 202.39, 769609, 391
3020, 0, 444, 451, 200, 30, 0.00%, 0, 0, 4, 209.78, 770661, 391
3025, 0, 444, 451, 200, 30, 0.00%, 0, 0, 4, 189.57, 771623, 391
3030, 0, 444, 451, 200, 30, 0.00%, 0, 0, 4, 202.48, 772681, 391
3035, 0, 444, 451, 200, 30, 0.00%, 0, 0, 4, 208.99, 773761, 391
3040, 0, 444, 451, 200, 30, 0.00%, 0, 0, 4, 208.42, 774809, 391
3046, 0, 444, 451, 200, 30, 0.00%, 0, 0, 4, 204.86, 775789, 391
3051, 0, 444, 451, 200, 30, 0.00%, 0, 0, 4, 201.80, 776801, 391
3056, 0, 444, 451, 200, 30, 0.00%, 0, 0, 4, 197.54, 777798, 391
3061, 0, 444, 451, 200, 30, 0.00%, 0, 0, 4, 199.05, 778812, 391
3066, 0, 444, 451, 200, 30, 0.00%, 0, 0, 4, 208.33, 779910, 391
3071, 0, 444, 451, 200, 30, 0.00%, 0, 0, 4, 210.35, 780962, 391
3076, 0, 444, 451, 200, 30, 0.00%, 0, 0, 4, 203.74, 781998, 391
3081, 0, 444, 451, 200, 30, 0.00%, 0, 0, 4, 204.43, 783046, 391
3086, 0, 444, 451, 200, 30, 0.00%, 0, 0, 4, 198.07, 784042, 391
3091, 0, 444, 451, 200, 30, 0.00%, 0, 0, 4, 205.30, 785110, 391
3097, 0, 444, 451, 200, 30, 0.00%, 0, 0, 4, 204.44, 786142, 391
3102, 0, 444, 451, 200, 30, 0.00%, 0, 0, 4, 188.36, 787092, 391
3107, 0, 444, 451, 200, 30, 0.00%, 0, 0, 4, 194.91, 788070, 391
3112, 0, 409, 451, 199, 29, 0.00%, 0, 0, 4, 257.78, 789315, 391
3117, 0, 409, 451, 199, 29, 0.00%, 0, 0, 4, 398.77, 791568, 391
3122, 0, 409, 451, 199, 29, 0.00%, 0, 0, 4, 429.05, 793791, 391
3127, 0, 409, 451, 199, 29, 0.00%, 0, 0, 4, 436.43, 796039, 391
3132, 0, 432, 451, 198, 28, 0.00%, 0, 0, 4, 440.24, 798330, 391
3137, 0, 432, 451, 198, 28, 0.00%, 0, 0, 4, 446.22, 800570, 391
3143, 0, 432, 451, 198, 28, 0.00%, 0, 0, 4, 438.97, 802802, 391
3148, 0, 432, 451, 198, 28, 0.00%, 0, 0, 4, 436.69, 805010, 391
3153, 0, 420, 452, 198, 27, 0.00%, 0, 0, 4, 278.27, 806247, 391
3158, 0, 420, 453, 199, 27, 0.00%, 0, 0, 4, 214.68, 807205, 394
3163, 0, 420, 453, 199, 27, 0.00%, 0, 0, 4, 199.88, 808185, 394
3168, 0, 420, 453, 199, 27, 0.00%, 0, 0, 4, 193.85, 809145, 394
3173, 0, 420, 453, 199, 27, 0.00%, 0, 0, 4, 201.62, 810177, 394
3178, 0, 420, 453, 199, 27, 0.00%, 0, 0, 4, 203.25, 811225, 394
3183, 0, 420, 453, 199, 27, 0.00%, 0, 0, 4, 206.52, 812269, 394
3188, 0, 420, 453, 199, 27, 0.00%, 0, 0, 4, 199.80, 813258, 394
3193, 0, 420, 454, 200, 27, 0.00%, 0, 0, 4, 199.51, 814253, 395
3198, 0, 420, 454, 200, 27, 0.00%, 0, 0, 4, 194.80, 815219, 395
3204, 0, 420, 454, 200, 27, 0.00%, 0, 0, 4, 204.16, 816281, 395
3209, 0, 420, 454, 200, 27, 0.00%, 0, 0, 4, 199.95, 817323, 395
3214, 0, 420, 454, 200, 27, 0.00%, 0, 0, 4, 202.72, 818314, 395
3219, 0, 420, 454, 200, 27, 0.00%, 0, 0, 4, 205.08, 819354, 395
3224, 0, 420, 454, 200, 27, 0.00%, 0, 0, 4, 204.00, 820382, 395
3229, 0, 420, 454, 200, 27, 0.00%, 0, 0, 4, 197.22, 821367, 395
3234, 0, 420, 454, 200, 27, 0.00%, 0, 0, 4, 198.75, 822369, 395
3239, 0, 420, 454, 200, 27, 0.00%, 0, 0, 4, 201.82, 823418, 395
3244, 0, 420, 454, 200, 27, 0.00%, 0, 0, 4, 193.64, 824343, 395
3249, 0, 420, 454, 200, 27, 0.00%, 0, 0, 4, 189.03, 825324, 395
3255, 0, 420, 454, 200, 27, 0.00%, 0, 0, 4, 195.89, 826344, 395
3260, 0, 420, 454, 200, 27, 0.00%, 0, 0, 4, 195.66, 827355, 395
3265, 0, 420, 454, 200, 27, 0.00%, 0, 0, 4, 196.32, 828333, 395
3270, 0, 420, 454, 200, 27, 0.00%, 0, 0, 4, 205.97, 829394, 395
3275, 0, 420, 454, 200, 27, 0.00%, 0, 0, 4, 208.59, 830446, 395
3280, 0, 420, 454, 200, 27, 0.00%, 0, 0, 4, 195.88, 831456, 395
3285, 0, 420, 454, 200, 27, 0.00%, 0, 0, 4, 198.98, 832488, 395
3291, 0, 420, 454, 200, 27, 0.00%, 0, 0, 4, 210.99, 833586, 395
3296, 0, 420, 454, 200, 27, 0.00%, 0, 0, 4, 216.42, 834682, 395
3301, 0, 420, 454, 200, 27, 0.00%, 0, 0, 4, 204.46, 835690, 395
3306, 0, 420, 454, 200, 27, 0.00%, 0, 0, 4, 199.27, 836661, 395
3311, 0, 420, 454, 200, 27, 0.00%, 0, 0, 4, 205.70, 837734, 395
3316, 0, 431, 454, 199, 26, 0.00%, 0, 0, 4, 342.18, 839484, 395
3321, 0, 431, 454, 199, 26, 0.00%, 0, 0, 4, 415.77, 841720, 395
3326, 0, 431, 454, 199, 26, 0.00%, 0, 0, 4, 428.25, 843928, 395
3332, 0, 431, 454, 199, 26, 0.00%, 0, 0, 4, 428.45, 846144, 395
3337, 0, 429, 454, 198, 25, 0.00%, 0, 0, 4, 257.83, 847318, 395
3342, 0, 429, 454, 198, 25, 0.00%, 0, 0, 4, 217.57, 848354, 395
3347, 0, 429, 454, 198, 25, 0.00%, 0, 0, 4, 213.37, 849458, 395
3352, 0, 429, 454, 198, 25, 0.00%, 0, 0, 4, 205.57, 850502, 395
3357, 0, 429, 454, 198, 25, 0.00%, 0, 0, 4, 196.20, 851490, 395
3362, 0, 429, 454, 198, 25, 0.00%, 0, 0, 4, 197.69, 852438, 395
3367, 0, 429, 454, 198, 25, 0.00%, 0, 0, 4, 197.84, 853446, 395
3372, 0, 429, 454, 198, 25, 0.00%, 0, 0, 4, 200.82, 854460, 395
3377, 0, 429, 454, 198, 25, 0.00%, 0, 0, 4, 205.32, 855510, 395
3382, 0, 429, 454, 198, 25, 0.00%, 0, 0, 4, 198.63, 856503, 395
3387, 0, 429, 454, 198, 25, 0.00%, 0, 0, 4, 203.00, 857530, 395
3392, 0, 429, 454, 198, 25, 0.00%, 0, 0, 4, 205.02, 858586, 395
3397, 0, 429, 454, 198, 25, 0.00%, 0, 0, 4, 199.77, 859590, 395
3403, 0, 429, 454, 198, 25, 0.00%, 0, 0, 4, 205.82, 860654, 395
3408, 0, 429, 454, 198, 25, 0.00%, 0, 0, 4, 198.74, 861648, 395
3413, 0, 429, 454, 198, 25, 0.00%, 0, 0, 4, 204.50, 862718, 395
3418, 0, 429, 454, 198, 25, 0.00%, 0, 0, 4, 200.93, 863723, 395
3423, 0, 429, 454, 198, 25, 0.00%, 0, 0, 4, 197.09, 864706, 395
3428, 0, 429, 454, 198, 25, 0.00%, 0, 0, 4, 196.19, 865702, 395
3433, 0, 429, 454, 198, 25, 0.00%, 0, 0, 4, 192.10, 866677, 395
3438, 0, 429, 454, 198, 25, 0.00%, 0, 0, 4, 193.86, 867685, 395
3443, 0, 429, 454, 198, 25, 0.00%, 0, 0, 4, 193.07, 868690, 395
3449, 0, 429, 454, 198, 25, 0.00%, 0, 0, 4, 195.64, 869707, 395
3454, 0, 429, 454, 198, 25, 0.00%, 0, 0, 4, 195.74, 870688, 395
3459, 0, 429, 454, 198, 25, 0.00%, 0, 0, 4, 199.12, 871723, 395
3464, 0, 429, 454, 198, 25, 0.00%, 0, 0, 4, 206.37, 872811, 395
3469, 0, 429, 454, 198, 25, 0.00%, 0, 0, 4, 206.45, 873863, 395
3474, 0, 429, 454, 198, 25, 0.00%, 0, 0, 4, 204.40, 874919, 395
3479, 0, 429, 454, 198, 25, 0.00%, 0, 0, 4, 195.17, 875888, 395
3484, 0, 429, 455, 199, 25, 0.00%, 0, 0, 4, 205.74, 876912, 396
3489, 0, 429, 455, 199, 25, 0.00%, 0, 0, 4, 210.62, 877984, 396
3495, 0, 429, 455, 199, 25, 0.00%, 0, 0, 4, 196.82, 878977, 396
3500, 0, 436, 455, 198, 24, 0.00%, 0, 0, 4, 368.23, 880991, 396
3505, 0, 436, 455, 198, 24, 0.00%, 0, 0, 4, 403.79, 883106, 396
3510, 0, 436, 455, 198, 24, 0.00%, 0, 0, 4, 408.61, 885202, 396
3515, 0, 436, 455, 198, 24, 0.00%, 0, 0, 4, 409.13, 887314, 396
3520, 0, 424, 455, 197, 23, 0.00%, 0, 0, 4, 244.28, 888333, 396
3525, 0, 424, 455, 197, 23, 0.00%, 0, 0, 4, 206.28, 889321, 396
3530, 0, 424, 455, 197, 23, 0.00%, 0, 0, 4, 207.49, 890365, 396
3535, 0, 424, 455, 197, 23, 0.00%, 0, 0, 4, 194.38, 891317, 396
3540, 0, 424, 455, 197, 23, 0.00%, 0, 0, 4, 178.32, 892184, 396
3546, 0, 424, 455, 197, 23, 0.00%, 0, 0, 4, 196.77, 893217, 396
3551, 0, 424, 455, 197, 23, 0.00%, 0, 0, 4, 197.02, 894207, 396
3556, 0, 424, 455, 197, 23, 0.00%, 0, 0, 4, 199.95, 895173, 396
3561, 0, 424, 455, 197, 23, 0.00%, 0, 0, 4, 195.37, 896178, 396
3566, 0, 424, 455, 197, 23, 0.00%, 0, 0, 4, 203.99, 897234, 396
3571, 0, 424, 455, 197, 23, 0.00%, 0, 0, 4, 210.03, 898338, 396
3576, 0, 424, 455, 197, 23, 0.00%, 0, 0, 4, 196.00, 899310, 396
3582, 0, 424, 455, 197, 23, 0.00%, 0, 0, 4, 30.66, 900153, 396
3587, 0, 424, 455, 197, 23, 0.00%, 0, 0, 4, 25.21, 901089, 396
3592, 0, 424, 455, 197, 23, 0.00%, 0, 0, 4, 187.47, 901977, 396
3598, 0, 424, 455, 197, 23, 0.00%, 0, 0, 4, 191.96, 902943, 396
3603, 0, 424, 455, 197, 23, 0.00%, 0, 0, 4, 194.99, 903930, 396
3608, 0, 424, 455, 197, 23, 0.00%, 0, 0, 4, 202.44, 904990, 396
3613, 0, 424, 455, 197, 23, 0.00%, 0, 0, 4, 201.18, 906002, 396
3618, 0, 424, 455, 197, 23, 0.00%, 0, 0, 4, 192.95, 906975, 396
3623, 0, 424, 455, 197, 23, 0.00%, 0, 0, 4, 192.67, 907938, 396
3628, 0, 424, 455, 197, 23, 0.00%, 0, 0, 4, 200.33, 908954, 396
3633, 0, 424, 455, 197, 23, 0.00%, 0, 0, 4, 200.93, 910014, 396
3634, 0, 424, 455, 197, 23, 0.00%, 0, 0, 4, 202.62, 910202, 396
