# relative_time, cycles_done, cur_path, paths_total, pending_total, pending_favs, map_size, unique_crashes, unique_hangs, max_depth, execs_per_sec, total_execs, edges_found
61, 0, 309, 383, 167, 26, 0.00%, 0, 0, 2, 219.15, 14519, 307
66, 0, 309, 383, 167, 26, 0.00%, 0, 0, 2, 207.49, 15559, 307
71, 0, 309, 383, 167, 26, 0.00%, 0, 0, 2, 213.59, 16671, 307
76, 0, 309, 383, 167, 26, 0.00%, 0, 0, 2, 211.30, 17747, 307
82, 0, 309, 383, 167, 26, 0.00%, 0, 0, 2, 217.77, 18883, 307
87, 0, 309, 384, 168, 26, 0.00%, 0, 0, 2, 209.82, 19939, 308
92, 0, 309, 384, 168, 26, 0.00%, 0, 0, 2, 201.69, 20971, 308
97, 0, 309, 384, 168, 26, 0.00%, 0, 0, 2, 224.09, 21911, 308
102, 0, 197, 385, 168, 33, 0.00%, 0, 0, 2, 308.96, 23407, 309
107, 0, 197, 385, 168, 33, 0.00%, 0, 0, 2, 404.33, 25538, 309
113, 0, 197, 386, 169, 33, 0.00%, 0, 0, 2, 436.74, 27706, 310
118, 0, 197, 386, 169, 33, 0.00%, 0, 0, 2, 439.02, 29970, 310
123, 0, 197, 386, 169, 33, 0.00%, 0, 0, 2, 433.14, 32202, 310
128, 0, 197, 386, 169, 33, 0.00%, 0, 0, 2, 437.93, 34434, 310
133, 0, 197, 386, 169, 33, 0.00%, 0, 0, 2, 435.38, 36674, 310
138, 0, 197, 386, 169, 33, 0.00%, 0, 0, 2, 434.84, 38898, 310
143, 0, 14, 386, 168, 34, 0.00%, 0, 0, 2, 421.78, 41074, 310
148, 0, 14, 387, 169, 34, 0.00%, 0, 0, 2, 407.18, 43109, 311
153, 0, 14, 387, 169, 34, 0.00%, 0, 0, 2, 410.85, 45086, 311
159, 0, 14, 387, 169, 34, 0.00%, 0, 0, 2, 407.35, 47158, 311
164, 0, 14, 387, 169, 34, 0.00%, 0, 0, 2, 408.60, 49254, 311
169, 0, 14, 387, 169, 34, 0.00%, 0, 0, 2, 405.71, 51318, 311
174, 0, 14, 387, 169, 34, 0.00%, 0, 0, 2, 406.02, 53382, 311
179, 0, 14, 387, 169, 34, 0.00%, 0, 0, 2, 405.62, 55462, 311
184, 0, 14, 387, 169, 34, 0.00%, 0, 0, 2, 399.34, 57476, 311
189, 0, 14, 387, 169, 34, 0.00%, 0, 0, 2, 403.24, 59534, 311
194, 0, 386, 387, 168, 34, 0.00%, 0, 0, 2, 400.33, 61516, 311
199, 0, 386, 387, 168, 34, 0.00%, 0, 0, 2, 401.56, 63555, 311
204, 0, 386, 387, 168, 34, 0.00%, 0, 0, 2, 404.93, 65603, 311
209, 0, 386, 387, 168, 34, 0.00%, 0, 0, 2, 405.64, 67683, 311
214, 0, 386, 387, 168, 34, 0.00%, 0, 0, 2, 404.37, 69739, 311
219, 0, 386, 387, 168, 34, 0.00%, 0, 0, 2, 402.51, 71771, 311
225, 0, 386, 387, 168, 34, 0.00%, 0, 0, 2, 406.31, 73835, 311
230, 0, 386, 387, 168, 34, 0.00%, 0, 0, 2, 412.32, 75907, 311
235, 0, 386, 387, 168, 34, 0.00%, 0, 0, 2, 407.43, 77972, 311
240, 0, 385, 387, 167, 33, 0.00%, 0, 0, 2, 422.80, 80142, 311
245, 0, 385, 387, 167, 33, 0.00%, 0, 0, 2, 426.37, 82334, 311
250, 0, 385, 387, 167, 33, 0.00%, 0, 0, 2, 427.03, 84534, 311
255, 0, 385, 387, 167, 33, 0.00%, 0, 0, 2, 428.69, 86734, 311
260, 0, 385, 387, 167, 33, 0.00%, 0, 0, 2, 428.91, 88926, 311
266, 0, 385, 387, 167, 33, 0.00%, 0, 0, 2, 428.01, 91126, 311
271, 0, 385, 387, 167, 33, 0.00%, 0, 0, 2, 430.04, 93334, 311
276, 0, 385, 387, 167, 33, 0.00%, 0, 0, 2, 430.58, 95558, 311
281, 0, 374, 388, 167, 32, 0.00%, 0, 0, 3, 308.65, 97135, 311
286, 0, 374, 389, 168, 32, 0.00%, 0, 0, 3, 235.15, 98225, 311
291, 0, 374, 389, 168, 32, 0.00%, 0, 0, 3, 218.02, 99349, 311
296, 0, 374, 389, 168, 32, 0.00%, 0, 0, 3, 216.96, 100433, 311
301, 0, 374, 389, 168, 32, 0.00%, 0, 0, 3, 213.57, 101533, 311
306, 0, 374, 389, 168, 32, 0.00%, 0, 0, 3, 210.42, 102589, 311
311, 0, 374, 389, 168, 32, 0.00%, 0, 0, 3, 212.79, 103657, 311
317, 0, 374, 389, 168, 32, 0.00%, 0, 0, 3, 212.53, 104729, 311
322, 0, 374, 389, 168, 32, 0.00%, 0, 0, 3, 209.18, 105777, 311
327, 0, 374, 389, 168, 32, 0.00%, 0, 0, 3, 213.04, 106849, 311
332, 0, 374, 389, 168, 32, 0.00%, 0, 0, 3, 208.22, 107821, 311
337, 0, 374, 389, 168, 32, 0.00%, 0, 0, 3, 214.86, 108917, 311
342, 0, 374, 389, 168, 32, 0.00%, 0, 0, 3, 216.82, 110057, 311
347, 0, 374, 389, 168, 32, 0.00%, 0, 0, 3, 216.04, 111149, 311
352, 0, 374, 389, 168, 32, 0.00%, 0, 0, 3, 187.93, 112137, 311
357, 0, 374, 389, 168, 32, 0.00%, 0, 0, 3, 211.76, 113153, 311
363, 0, 374, 389, 168, 32, 0.00%, 0, 0, 3, 224.00, 114341, 311
368, 0, 374, 389, 168, 32, 0.00%, 0, 0, 3, 221.36, 115481, 311
373, 0, 374, 389, 168, 32, 0.00%, 0, 0, 3, 222.35, 116641, 311
378, 0, 374, 389, 168, 32, 0.00%, 0, 0, 3, 223.05, 117793, 311
383, 0, 374, 389, 168, 32, 0.00%, 0, 0, 3, 225.12, 118965, 311
389, 0, 374, 389, 168, 32, 0.00%, 0, 0, 3, 220.40, 120117, 311
394, 0, 374, 389, 168, 32, 0.00%, 0, 0, 3, 222.46, 121281, 311
399, 0, 374, 389, 168, 32, 0.00%, 0, 0, 3, 218.46, 122421, 311
404, 0, 374, 389, 168, 32, 0.00%, 0, 0, 3, 203.56, 123441, 311
409, 0, 374, 389, 168, 32, 0.00%, 0, 0, 3, 216.24, 124569, 311
414, 0, 374, 389, 168, 32, 0.00%, 0, 0, 3, 219.14, 125686, 311
419, 0, 374, 389, 168, 32, 0.00%, 0, 0, 3, 220.49, 126794, 311
424, 0, 374, 389, 168, 32, 0.00%, 0, 0, 3, 223.05, 127910, 311
429, 0, 374, 389, 168, 32, 0.00%, 0, 0, 3, 223.38, 129034, 311
435, 0, 188, 389, 167, 31, 0.00%, 0, 0, 3, 367.78, 130934, 311
440, 0, 188, 389, 167, 31, 0.00%, 0, 0, 3, 424.23, 133196, 311
445, 0, 188, 389, 167, 31, 0.00%, 0, 0, 3, 436.21, 135404, 311
450, 0, 149, 390, 167, 30, 0.00%, 0, 0, 3, 433.99, 137601, 312
455, 0, 149, 393, 170, 30, 0.00%, 0, 0, 3, 430.43, 139785, 315
460, 0, 149, 393, 170, 30, 0.00%, 0, 0, 3, 431.78, 141985, 315
465, 0, 149, 393, 170, 30, 0.00%, 0, 0, 3, 431.25, 144185, 315
470, 0, 392, 393, 169, 31, 0.00%, 0, 0, 3, 431.82, 146382, 315
475, 0, 392, 393, 169, 31, 0.00%, 0, 0, 3, 436.50, 148622, 315
480, 0, 392, 393, 169, 31, 0.00%, 0, 0, 3, 438.91, 150870, 315
485, 0, 392, 393, 169, 31, 0.00%, 0, 0, 3, 435.65, 153070, 315
491, 0, 191, 394, 169, 30, 0.00%, 0, 0, 3, 428.24, 155264, 319
496, 0, 191, 395, 170, 30, 0.00%, 0, 0, 3, 424.25, 157464, 319
501, 0, 191, 395, 170, 30, 0.00%, 0, 0, 3, 424.77, 159664, 319
506, 0, 191, 395, 170, 30, 0.00%, 0, 0, 3, 413.67, 161840, 319
511, 0, 375, 399, 173, 30, 0.00%, 0, 0, 3, 260.08, 162967, 323
516, 0, 375, 399, 173, 30, 0.00%, 0, 0, 3, 209.17, 163986, 323
522, 0, 375, 399, 173, 30, 0.00%, 0, 0, 3, 201.45, 164981, 323
527, 0, 375, 400, 174, 30, 0.00%, 0, 0, 3, 208.26, 165946, 324
532, 0, 375, 401, 175, 30, 0.00%, 0, 0, 3, 213.02, 167010, 325
537, 0, 375, 401, 175, 30, 0.00%, 0, 0, 3, 215.77, 168106, 325
542, 0, 375, 402, 176, 30, 0.00%, 0, 0, 3, 211.34, 169210, 326
547, 0, 375, 402, 176, 30, 0.00%, 0, 0, 3, 133.09, 170158, 326
552, 0, 375, 402, 176, 30, 0.00%, 0, 0, 3, 191.76, 171200, 326
557, 0, 375, 402, 176, 30, 0.00%, 0, 0, 3, 216.73, 172126, 326
563, 0, 375, 402, 176, 30, 0.00%, 0, 0, 3, 173.34, 173105, 326
568, 0, 375, 402, 176, 30, 0.00%, 0, 0, 3, 207.04, 174142, 326
573, 0, 375, 402, 176, 30, 0.00%, 0, 0, 3, 208.02, 175198, 326
578, 0, 375, 402, 176, 30, 0.00%, 0, 0, 3, 211.70, 176258, 326
583, 0, 375, 402, 176, 30, 0.00%, 0, 0, 3, 206.95, 177274, 326
588, 0, 375, 402, 176, 30, 0.00%, 0, 0, 3, 208.35, 178338, 326
593, 0, 375, 402, 176, 30, 0.00%, 0, 0, 3, 195.93, 179228, 326
598, 0, 375, 402, 176, 30, 0.00%, 0, 0, 3, 189.34, 180143, 326
603, 0, 375, 402, 176, 30, 0.00%, 0, 0, 3, 186.43, 181016, 326
608, 0, 375, 402, 176, 30, 0.00%, 0, 0, 3, 203.65, 182062, 326
613, 0, 375, 402, 176, 30, 0.00%, 0, 0, 3, 214.86, 183150, 326
619, 0, 375, 402, 176, 30, 0.00%, 0, 0, 3, 216.08, 184266, 326
624, 0, 375, 402, 176, 30, 0.00%, 0, 0, 3, 221.91, 185390, 326
629, 0, 375, 402, 176, 30, 0.00%, 0, 0, 3, 217.40, 186514, 326
634, 0, 375, 402, 176, 30, 0.00%, 0, 0, 3, 218.87, 187650, 326
639, 0, 375, 402, 176, 30, 0.00%, 0, 0, 3, 212.17, 188658, 326
644, 0, 375, 402, 176, 30, 0.00%, 0, 0, 3, 211.60, 189718, 326
649, 0, 375, 402, 176, 30, 0.00%, 0, 0, 3, 209.15, 190802, 326
654, 0, 375, 402, 176, 30, 0.00%, 0, 0, 3, 208.15, 191826, 326
659, 0, 375, 402, 176, 30, 0.00%, 0, 0, 3, 216.77, 192926, 326
665, 0, 375, 402, 176, 30, 0.00%, 0, 0, 3, 217.92, 194050, 326
670, 0, 375, 402, 176, 30, 0.00%, 0, 0, 3, 203.42, 195042, 326
675, 0, 401, 403, 176, 35, 0.00%, 0, 0, 4, 207.16, 196077, 327
680, 0, 401, 403, 176, 35, 0.00%, 0, 0, 4, 213.80, 197189, 327
685, 0, 401, 403, 176, 35, 0.00%, 0, 0, 4, 210.73, 198297, 327
690, 0, 401, 403, 176, 35, 0.00%, 0, 0, 4, 217.63, 199413, 327
695, 0, 401, 403, 176, 35, 0.00%, 0, 0, 4, 206.12, 200465, 327
700, 0, 401, 403, 176, 35, 0.00%, 0, 0, 4, 206.13, 201537, 327
705, 0, 401, 403, 176, 35, 0.00%, 0, 0, 4, 200.04, 202565, 327
711, 0, 401, 403, 176, 35, 0.00%, 0, 0, 4, 208.58, 203625, 327
716, 0, 401, 403, 176, 35, 0.00%, 0, 0, 4, 217.05, 204721, 327
721, 0, 401, 403, 176, 35, 0.00%, 0, 0, 4, 208.79, 205765, 327
726, 0, 401, 403, 176, 35, 0.00%, 0, 0, 4, 216.40, 206897, 327
731, 0, 401, 403, 176, 35, 0.00%, 0, 0, 4, 216.79, 207982, 327
736, 0, 401, 403, 176, 35, 0.00%, 0, 0, 4, 213.78, 209050, 327
741, 0, 401, 403, 176, 35, 0.00%, 0, 0, 4, 221.95, 210198, 327
746, 0, 401, 403, 176, 35, 0.00%, 0, 0, 4, 217.82, 211290, 327
751, 0, 401, 403, 176, 35, 0.00%, 0, 0, 4, 216.72, 212414, 327
756, 0, 401, 403, 176, 35, 0.00%, 0, 0, 4, 213.24, 213510, 327
761, 0, 401, 403, 176, 35, 0.00%, 0, 0, 4, 215.70, 214630, 327
767, 0, 401, 403, 176, 35, 0.00%, 0, 0, 4, 206.98, 215666, 327
772, 0, 401, 403, 176, 35, 0.00%, 0, 0, 4, 210.85, 216730, 327
777, 0, 401, 403, 176, 35, 0.00%, 0, 0, 4, 211.16, 217818, 327
782, 0, 401, 403, 176, 35, 0.00%, 0, 0, 4, 208.77, 218878, 327
787, 0, 401, 403, 176, 35, 0.00%, 0, 0, 4, 205.68, 219922, 327
792, 0, 401, 403, 176, 35, 0.00%, 0, 0, 4, 208.06, 220966, 327
797, 0, 401, 403, 176, 35, 0.00%, 0, 0, 4, 211.61, 222038, 327
802, 0, 401, 403, 176, 35, 0.00%, 0, 0, 4, 209.75, 223074, 327
807, 0, 401, 403, 176, 35, 0.00%, 0, 0, 4, 213.32, 224142, 327
812, 0, 401, 403, 176, 35, 0.00%, 0, 0, 4, 199.52, 225172, 327
818, 0, 401, 403, 176, 35, 0.00%, 0, 0, 4, 213.35, 226174, 327
823, 0, 401, 403, 176, 35, 0.00%, 0, 0, 4, 207.20, 227226, 327
828, 0, 397, 404, 176, 35, 0.00%, 0, 0, 4, 187.43, 228133, 329
833, 0, 397, 405, 177, 35, 0.00%, 0, 0, 4, 196.24, 229077, 331
838, 0, 397, 405, 177, 35, 0.00%, 0, 0, 4, 202.10, 230108, 331
843, 0, 397, 405, 177, 35, 0.00%, 0, 0, 4, 210.04, 231172, 331
848, 0, 397, 405, 177, 35, 0.00%, 0, 0, 4, 210.21, 232228, 331
853, 0, 397, 405, 177, 35, 0.00%, 0, 0, 4, 204.05, 233252, 331
858, 0, 397, 405, 177, 35, 0.00%, 0, 0, 4, 194.67, 234237, 331
863, 0, 397, 405, 177, 35, 0.00%, 0, 0, 4, 219.64, 235276, 331
868, 0, 397, 405, 177, 35, 0.00%, 0, 0, 4, 213.95, 236344, 331
873, 0, 397, 405, 177, 35, 0.00%, 0, 0, 4, 205.39, 237364, 331
879, 0, 397, 405, 177, 35, 0.00%, 0, 0, 4, 201.93, 238400, 331
884, 0, 397, 405, 177, 35, 0.00%, 0, 0, 4, 197.30, 239406, 331
889, 0, 397, 405, 177, 35, 0.00%, 0, 0, 4, 169.14, 240186, 331
894, 0, 397, 405, 177, 35, 0.00%, 0, 0, 4, 187.99, 241089, 331
899, 0, 397, 405, 177, 35, 0.00%, 0, 0, 4, 201.89, 241964, 331
904, 0, 397, 405, 177, 35, 0.00%, 0, 0, 4, 189.42, 242850, 331
909, 0, 397, 405, 177, 35, 0.00%, 0, 0, 4, 186.27, 243720, 331
914, 0, 397, 405, 177, 35, 0.00%, 0, 0, 4, 190.89, 244659, 331
920, 0, 397, 405, 177, 35, 0.00%, 0, 0, 4, 190.58, 245601, 331
925, 0, 397, 405, 177, 35, 0.00%, 0, 0, 4, 198.00, 246624, 331
930, 0, 397, 405, 177, 35, 0.00%, 0, 0, 4, 201.91, 247632, 331
935, 0, 397, 405, 177, 35, 0.00%, 0, 0, 4, 209.12, 248704, 331
940, 0, 397, 405, 177, 35, 0.00%, 0, 0, 4, 209.05, 249764, 331
945, 0, 397, 405, 177, 35, 0.00%, 0, 0, 4, 202.66, 250792, 331
950, 0, 397, 405, 177, 35, 0.00%, 0, 0, 4, 191.19, 251676, 331
955, 0, 397, 405, 177, 35, 0.00%, 0, 0, 4, 39.09, 252556, 331
961, 0, 397, 405, 177, 35, 0.00%, 0, 0, 4, 171.43, 253623, 331
966, 0, 397, 405, 177, 35, 0.00%, 0, 0, 4, 206.95, 254744, 331
971, 0, 397, 405, 177, 35, 0.00%, 0, 0, 4, 218.46, 255852, 331
976, 0, 397, 405, 177, 35, 0.00%, 0, 0, 4, 212.51, 256928, 331
981, 0, 397, 405, 177, 35, 0.00%, 0, 0, 4, 215.11, 258020, 331
986, 0, 397, 405, 177, 35, 0.00%, 0, 0, 4, 206.24, 259060, 331
991, 0, 397, 405, 177, 35, 0.00%, 0, 0, 4, 196.50, 260037, 331
996, 0, 338, 408, 179, 34, 0.00%, 0, 0, 4, 205.09, 261078, 334
1001, 0, 338, 410, 181, 34, 0.00%, 0, 0, 4, 225.79, 262250, 336
1006, 0, 338, 410, 181, 34, 0.00%, 0, 0, 4, 228.11, 263406, 336
1011, 0, 338, 410, 181, 34, 0.00%, 0, 0, 4, 226.07, 264522, 336
1016, 0, 338, 410, 181, 34, 0.00%, 0, 0, 4, 233.99, 265722, 336
1021, 0, 338, 410, 181, 34, 0.00%, 0, 0, 4, 225.10, 266866, 336
1026, 0, 338, 410, 181, 34, 0.00%, 0, 0, 4, 218.35, 267958, 336
1032, 0, 338, 410, 181, 34, 0.00%, 0, 0, 4, 217.18, 269030, 336
1037, 0, 338, 410, 181, 34, 0.00%, 0, 0, 4, 213.75, 270106, 336
1042, 0, 338, 410, 181, 34, 0.00%, 0, 0, 4, 226.32, 271278, 336
1047, 0, 338, 410, 181, 34, 0.00%, 0, 0, 4, 221.27, 272334, 336
1052, 0, 338, 410, 181, 34, 0.00%, 0, 0, 4, 211.82, 273329, 336
1057, 0, 338, 410, 181, 34, 0.00%, 0, 0, 4, 211.18, 274422, 336
1062, 0, 338, 410, 181, 34, 0.00%, 0, 0, 4, 201.08, 275400, 336
1067, 0, 338, 410, 181, 34, 0.00%, 0, 0, 4, 211.94, 276478, 336
1072, 0, 338, 410, 181, 34, 0.00%, 0, 0, 4, 216.15, 277430, 336
1078, 0, 338, 410, 181, 34, 0.00%, 0, 0, 4, 216.35, 278542, 336
1083, 0, 338, 410, 181, 34, 0.00%, 0, 0, 4, 229.92, 279714, 336
1088, 0, 338, 410, 181, 34, 0.00%, 0, 0, 4, 230.11, 280898, 336
1093, 0, 338, 410, 181, 34, 0.00%, 0, 0, 4, 231.13, 282082, 336
1098, 0, 338, 410, 181, 34, 0.00%, 0, 0, 4, 230.63, 283290, 336
1103, 0, 338, 410, 181, 34, 0.00%, 0, 0, 4, 227.95, 284430, 336
1108, 0, 338, 410, 181, 34, 0.00%, 0, 0, 4, 203.37, 285386, 336
1113, 0, 338, 410, 181, 34, 0.00%, 0, 0, 4, 219.63, 286446, 336
1118, 0, 338, 410, 181, 34, 0.00%, 0, 0, 4, 225.14, 287550, 336
1124, 0, 338, 410, 181, 34, 0.00%, 0, 0, 4, 233.71, 288758, 336
1129, 0, 338, 410, 181, 34, 0.00%, 0, 0, 4, 225.27, 289894, 336
1134, 0, 338, 410, 181, 34, 0.00%, 0, 0, 4, 232.53, 291098, 336
1139, 0, 338, 410, 181, 34, 0.00%, 0, 0, 4, 232.12, 292302, 336
1144, 0, 338, 410, 181, 34, 0.00%, 0, 0, 4, 220.36, 293422, 336
1149, 0, 356, 410, 180, 38, 0.00%, 0, 0, 4, 236.34, 294585, 336
1154, 0, 356, 410, 180, 38, 0.00%, 0, 0, 4, 244.30, 295897, 336
1159, 0, 356, 410, 180, 38, 0.00%, 0, 0, 4, 242.63, 297057, 336
1165, 0, 356, 410, 180, 38, 0.00%, 0, 0, 4, 245.75, 298329, 336
1170, 0, 356, 410, 180, 38, 0.00%, 0, 0, 4, 243.45, 299553, 336
1175, 0, 356, 410, 180, 38, 0.00%, 0, 0, 4, 248.72, 300852, 336
1180, 0, 356, 410, 180, 38, 0.00%, 0, 0, 4, 241.32, 302061, 336
1185, 0, 356, 410, 180, 38, 0.00%, 0, 0, 4, 241.60, 303249, 336
1190, 0, 356, 410, 180, 38, 0.00%, 0, 0, 4, 258.91, 304607, 336
1195, 0, 356, 410, 180, 38, 0.00%, 0, 0, 4, 263.56, 305867, 336
1200, 0, 356, 410, 180, 38, 0.00%, 0, 0, 4, 265.33, 307202, 336
1205, 0, 356, 410, 180, 38, 0.00%, 0, 0, 4, 262.71, 308547, 336
1210, 0, 356, 410, 180, 38, 0.00%, 0, 0, 4, 260.10, 309842, 336
1215, 0, 356, 410, 180, 38, 0.00%, 0, 0, 4, 252.76, 311097, 336
1221, 0, 356, 410, 180, 38, 0.00%, 0, 0, 4, 239.20, 312349, 336
1226, 0, 356, 410, 180, 38, 0.00%, 0, 0, 4, 206.30, 313345, 336
1231, 0, 356, 410, 180, 38, 0.00%, 0, 0, 4, 213.62, 314401, 336
1236, 0, 356, 410, 180, 38, 0.00%, 0, 0, 4, 223.06, 315505, 336
1241, 0, 356, 410, 180, 38, 0.00%, 0, 0, 4, 267.33, 316507, 336
1246, 0, 356, 410, 180, 38, 0.00%, 0, 0, 4, 247.00, 317765, 336
1251, 0, 356, 410, 180, 38, 0.00%, 0, 0, 4, 251.32, 319032, 336
1256, 0, 356, 410, 180, 38, 0.00%, 0, 0, 4, 236.01, 320181, 336
1261, 0, 356, 410, 180, 38, 0.00%, 0, 0, 4, 251.42, 321462, 336
1266, 0, 356, 410, 180, 38, 0.00%, 0, 0, 4, 246.78, 322697, 336
1272, 0, 356, 410, 180, 38, 0.00%, 0, 0, 4, 241.11, 323877, 336
1277, 0, 356, 410, 180, 38, 0.00%, 0, 0, 4, 242.90, 325157, 336
1282, 0, 356, 410, 180, 38, 0.00%, 0, 0, 4, 246.53, 326389, 336
1287, 0, 393, 410, 179, 37, 0.00%, 0, 0, 4, 386.12, 328506, 336
1292, 0, 393, 410, 179, 37, 0.00%, 0, 0, 4, 416.15, 330639, 336
1297, 0, 393, 410, 179, 37, 0.00%, 0, 0, 4, 412.53, 332735, 336
1302, 0, 384, 410, 178, 36, 0.00%, 0, 0, 4, 412.50, 334840, 336
1307, 0, 384, 410, 178, 36, 0.00%, 0, 0, 4, 425.83, 337064, 336
1312, 0, 384, 410, 178, 36, 0.00%, 0, 0, 4, 427.50, 339296, 336
1318, 0, 384, 410, 178, 36, 0.00%, 0, 0, 4, 427.74, 341504, 336
1323, 0, 402, 411, 178, 35, 0.00%, 0, 0, 5, 332.58, 343240, 336
1328, 0, 402, 411, 178, 35, 0.00%, 0, 0, 5, 238.43, 344322, 336
1333, 0, 402, 411, 178, 35, 0.00%, 0, 0, 5, 215.33, 345366, 336
1338, 0, 402, 411, 178, 35, 0.00%, 0, 0, 5, 202.82, 346386, 336
1343, 0, 402, 411, 178, 35, 0.00%, 0, 0, 5, 209.04, 347486, 336
1348, 0, 402, 411, 178, 35, 0.00%, 0, 0, 5, 201.40, 348538, 336
1353, 0, 402, 411, 178, 35, 0.00%, 0, 0, 5, 203.38, 349602, 336
1358, 0, 402, 411, 178, 35, 0.00%, 0, 0, 5, 207.52, 350650, 336
1364, 0, 402, 411, 178, 35, 0.00%, 0, 0, 5, 202.94, 351706, 336
1369, 0, 402, 411, 178, 35, 0.00%, 0, 0, 5, 199.94, 352706, 336
1374, 0, 402, 411, 178, 35, 0.00%, 0, 0, 5, 211.21, 353782, 336
1379, 0, 402, 411, 178, 35, 0.00%, 0, 0, 5, 210.41, 354842, 336
1384, 0, 402, 411, 178, 35, 0.00%, 0, 0, 5, 203.93, 355902, 336
1389, 0, 402, 411, 178, 35, 0.00%, 0, 0, 5, 193.71, 356806, 336
1394, 0, 402, 411, 178, 35, 0.00%, 0, 0, 5, 193.97, 357817, 336
1399, 0, 402, 411, 178, 35, 0.00%, 0, 0, 5, 200.13, 358825, 336
1404, 0, 402, 411, 178, 35, 0.00%, 0, 0, 5, 208.23, 359891, 336
1409, 0, 402, 411, 178, 35, 0.00%, 0, 0, 5, 210.76, 360955, 336
1415, 0, 402, 411, 178, 35, 0.00%, 0, 0, 5, 209.71, 362043, 336
1420, 0, 402, 411, 178, 35, 0.00%, 0, 0, 5, 202.99, 363043, 336
1425, 0, 402, 411, 178, 35, 0.00%, 0, 0, 5, 200.04, 364055, 336
1430, 0, 402, 411, 178, 35, 0.00%, 0, 0, 5, 206.98, 365135, 336
1435, 0, 402, 411, 178, 35, 0.00%, 0, 0, 5, 207.33, 366179, 336
1440, 0, 402, 411, 178, 35, 0.00%, 0, 0, 5, 211.17, 367231, 336
1445, 0, 402, 411, 178, 35, 0.00%, 0, 0, 5, 213.76, 368295, 336
1450, 0, 402, 411, 178, 35, 0.00%, 0, 0, 5, 216.98, 369383, 336
1455, 0, 402, 411, 178, 35, 0.00%, 0, 0, 5, 210.49, 370435, 336
1460, 0, 402, 411, 178, 35, 0.00%, 0, 0, 5, 204.55, 371459, 336
1465, 0, 402, 411, 178, 35, 0.00%, 0, 0, 5, 207.54, 372503, 336
1470, 0, 402, 411, 178, 35, 0.00%, 0, 0, 5, 194.78, 373511, 336
1476, 0, 402, 411, 178, 35, 0.00%, 0, 0, 5, 197.42, 374450, 336
1481, 0, 402, 411, 178, 35, 0.00%, 0, 0, 5, 8.11, 375459, 336
1486, 0, 390, 411, 177, 35, 0.00%, 0, 0, 5, 354.11, 377259, 336
1491, 0, 390, 411, 177, 35, 0.00%, 0, 0, 5, 414.43, 379429, 336
1496, 0, 390, 411, 177, 35, 0.00%, 0, 0, 5, 426.70, 381637, 336
1501, 0, 390, 411, 177, 35, 0.00%, 0, 0, 5, 432.45, 383869, 336
1506, 0, 410, 413, 178, 34, 0.00%, 0, 0, 6, 241.83, 384822, 336
1511, 0, 410, 413, 178, 34, 0.00%, 0, 0, 6, 203.35, 385794, 336
1516, 0, 410, 413, 178, 34, 0.00%, 0, 0, 6, 204.04, 386830, 336
1522, 0, 410, 413, 178, 34, 0.00%, 0, 0, 6, 205.43, 387774, 336
1527, 0, 410, 413, 178, 34, 0.00%, 0, 0, 6, 195.52, 388770, 336
1532, 0, 410, 413, 178, 34, 0.00%, 0, 0, 6, 197.83, 389799, 336
1537, 0, 410, 413, 178, 34, 0.00%, 0, 0, 6, 203.07, 390846, 336
1542, 0, 410, 413, 178, 34, 0.00%, 0, 0, 6, 202.98, 391870, 336
1547, 0, 410, 413, 178, 34, 0.00%, 0, 0, 6, 201.64, 392866, 336
1552, 0, 410, 413, 178, 34, 0.00%, 0, 0, 6, 195.41, 393840, 336
1558, 0, 410, 413, 178, 34, 0.00%, 0, 0, 6, 169.43, 394692, 336
1563, 0, 410, 413, 178, 34, 0.00%, 0, 0, 6, 179.06, 395620, 336
1568, 0, 410, 413, 178, 34, 0.00%, 0, 0, 6, 165.74, 396479, 336
1573, 0, 410, 413, 178, 34, 0.00%, 0, 0, 6, 151.27, 397202, 336
1578, 0, 410, 413, 178, 34, 0.00%, 0, 0, 6, 172.48, 398078, 336
1583, 0, 410, 413, 178, 34, 0.00%, 0, 0, 6, 185.05, 399029, 336
1588, 0, 410, 413, 178, 34, 0.00%, 0, 0, 6, 184.28, 399761, 336
1593, 0, 410, 413, 178, 34, 0.00%, 0, 0, 6, 173.81, 400544, 336
1599, 0, 410, 413, 178, 34, 0.00%, 0, 0, 6, 205.79, 401632, 336
1604, 0, 410, 413, 178, 34, 0.00%, 0, 0, 6, 201.52, 402640, 336
1609, 0, 410, 413, 178, 34, 0.00%, 0, 0, 6, 205.25, 403596, 336
1614, 0, 410, 413, 178, 34, 0.00%, 0, 0, 6, 132.49, 404484, 336
1619, 0, 410, 413, 178, 34, 0.00%, 0, 0, 6, 175.23, 405419, 336
1624, 0, 410, 413, 178, 34, 0.00%, 0, 0, 6, 18.54, 406323, 336
1629, 0, 410, 413, 178, 34, 0.00%, 0, 0, 6, 205.73, 407344, 336
1634, 0, 410, 413, 178, 34, 0.00%, 0, 0, 6, 206.22, 408388, 336
1639, 0, 410, 413, 178, 34, 0.00%, 0, 0, 6, 194.09, 409352, 336
1645, 0, 410, 413, 178, 34, 0.00%, 0, 0, 6, 199.74, 410381, 336
1650, 0, 410, 413, 178, 34, 0.00%, 0, 0, 6, 198.62, 411389, 336
1655, 0, 410, 413, 178, 34, 0.00%, 0, 0, 6, 203.07, 412404, 336
1660, 0, 410, 413, 178, 34, 0.00%, 0, 0, 6, 197.64, 413390, 336
1665, 0, 410, 413, 178, 34, 0.00%, 0, 0, 6, 206.93, 414428, 336
1670, 0, 410, 413, 178, 34, 0.00%, 0, 0, 6, 203.72, 415416, 336
1675, 0, 410, 413, 178, 34, 0.00%, 0, 0, 6, 200.99, 416448, 336
1680, 0, 24, 413, 177, 33, 0.00%, 0, 0, 6, 251.98, 417714, 336
1685, 0, 24, 413, 177, 33, 0.00%, 0, 0, 6, 273.49, 419109, 336
1690, 0, 24, 413, 177, 33, 0.00%, 0, 0, 6, 277.44, 420499, 336
1695, 0, 24, 413, 177, 33, 0.00%, 0, 0, 6, 280.91, 421924, 336
1700, 0, 24, 413, 177, 33, 0.00%, 0, 0, 6, 275.86, 423314, 336
1705, 0, 24, 413, 177, 33, 0.00%, 0, 0, 6, 277.96, 424709, 336
1710, 0, 24, 413, 177, 33, 0.00%, 0, 0, 6, 279.72, 426114, 336
1715, 0, 24, 413, 177, 33, 0.00%, 0, 0, 6, 274.85, 427514, 336
1720, 0, 24, 413, 177, 33, 0.00%, 0, 0, 6, 272.10, 428884, 336
1726, 0, 24, 413, 177, 33, 0.00%, 0, 0, 6, 272.92, 430249, 336
1731, 0, 24, 413, 177, 33, 0.00%, 0, 0, 6, 264.54, 431579, 336
1736, 0, 24, 413, 177, 33, 0.00%, 0, 0, 6, 275.54, 432959, 336
1741, 0, 24, 413, 177, 33, 0.00%, 0, 0, 6, 278.91, 434354, 336
1746, 0, 24, 413, 177, 33, 0.00%, 0, 0, 6, 259.54, 435654, 336
1751, 0, 24, 413, 177, 33, 0.00%, 0, 0, 6, 257.39, 436924, 336
1756, 0, 24, 413, 177, 33, 0.00%, 0, 0, 6, 274.04, 438194, 336
1761, 0, 24, 413, 177, 33, 0.00%, 0, 0, 6, 255.21, 439499, 336
1766, 0, 24, 413, 177, 33, 0.00%, 0, 0, 6, 241.00, 440594, 336
1771, 0, 24, 413, 177, 33, 0.00%, 0, 0, 6, 240.68, 441875, 336
1776, 0, 24, 413, 177, 33, 0.00%, 0, 0, 6, 238.33, 443055, 336
1782, 0, 24, 413, 177, 33, 0.00%, 0, 0, 6, 245.50, 444335, 336
1787, 0, 24, 413, 177, 33, 0.00%, 0, 0, 6, 249.66, 445631, 336
1792, 0, 24, 413, 177, 33, 0.00%, 0, 0, 6, 257.46, 446954, 336
1797, 0, 24, 413, 177, 33, 0.00%, 0, 0, 6, 264.78, 448234, 336
1802, 0, 412, 414, 177, 32, 0.00%, 0, 0, 7, 259.10, 449591, 336
1807, 0, 412, 414, 177, 32, 0.00%, 0, 0, 7, 206.08, 450578, 336
1812, 0, 412, 415, 178, 32, 0.00%, 0, 0, 7, 195.09, 451550, 336
1817, 0, 412, 415, 178, 32, 0.00%, 0, 0, 7, 177.84, 452411, 336
1822, 0, 412, 415, 178, 32, 0.00%, 0, 0, 7, 175.69, 453251, 336
1827, 0, 412, 415, 178, 32, 0.00%, 0, 0, 7, 195.64, 454247, 336
1832, 0, 412, 415, 178, 32, 0.00%, 0, 0, 7, 196.70, 455210, 336
1837, 0, 412, 415, 178, 32, 0.00%, 0, 0, 7, 205.86, 456262, 336
1842, 0, 412, 415, 178, 32, 0.00%, 0, 0, 7, 195.70, 457235, 336
1848, 0, 412, 416, 179, 32, 0.00%, 0, 0, 7, 194.79, 458206, 338
1853, 0, 412, 416, 179, 32, 0.00%, 0, 0, 7, 200.55, 459242, 338
1858, 0, 412, 416, 179, 32, 0.00%, 0, 0, 7, 203.94, 460274, 338
1863, 0, 412, 416, 179, 32, 0.00%, 0, 0, 7, 199.98, 461294, 338
1868, 0, 412, 416, 179, 32, 0.00%, 0, 0, 7, 199.48, 462217, 338
1873, 0, 412, 416, 179, 32, 0.00%, 0, 0, 7, 199.45, 463222, 338
1878, 0, 412, 416, 179, 32, 0.00%, 0, 0, 7, 179.88, 464095, 338
1883, 0, 412, 416, 179, 32, 0.00%, 0, 0, 7, 193.24, 465043, 338
1888, 0, 412, 416, 179, 32, 0.00%, 0, 0, 7, 198.53, 466051, 338
1893, 0, 412, 416, 179, 32, 0.00%, 0, 0, 7, 208.07, 467026, 338
1898, 0, 412, 416, 179, 32, 0.00%, 0, 0, 7, 190.94, 467968, 338
1904, 0, 412, 416, 179, 32, 0.00%, 0, 0, 7, 199.99, 469018, 338
1909, 0, 412, 416, 179, 32, 0.00%, 0, 0, 7, 196.27, 470002, 338
1914, 0, 412, 416, 179, 32, 0.00%, 0, 0, 7, 191.85, 470938, 338
1919, 0, 412, 416, 179, 32, 0.00%, 0, 0, 7, 194.16, 471928, 338
1924, 0, 412, 416, 179, 32, 0.00%, 0, 0, 7, 191.31, 472897, 338
1929, 0, 412, 416, 179, 32, 0.00%, 0, 0, 7, 189.75, 473860, 338
1934, 0, 412, 416, 179, 32, 0.00%, 0, 0, 7, 190.17, 474871, 338
1939, 0, 412, 416, 179, 32, 0.00%, 0, 0, 7, 204.81, 475926, 338
1944, 0, 412, 416, 179, 32, 0.00%, 0, 0, 7, 198.76, 476974, 338
1950, 0, 412, 416, 179, 32, 0.00%, 0, 0, 7, 187.41, 477838, 338
1955, 0, 412, 416, 179, 32, 0.00%, 0, 0, 7, 195.76, 478801, 338
1960, 0, 412, 416, 179, 32, 0.00%, 0, 0, 7, 199.13, 479803, 338
1965, 0, 412, 416, 179, 32, 0.00%, 0, 0, 7, 205.25, 480850, 338
1970, 0, 412, 416, 179, 32, 0.00%, 0, 0, 7, 197.64, 481810, 338
1975, 0, 396, 416, 178, 31, 0.00%, 0, 0, 7, 197.35, 482798, 338
1980, 0, 396, 417, 179, 31, 0.00%, 0, 0, 7, 197.37, 483790, 338
1985, 0, 396, 417, 179, 31, 0.00%, 0, 0, 7, 207.22, 484869, 338
1990, 0, 396, 417, 179, 31, 0.00%, 0, 0, 7, 200.83, 485873, 338
1995, 0, 396, 418, 180, 31, 0.00%, 0, 0, 7, 190.39, 486848, 340
2001, 0, 396, 418, 180, 31, 0.00%, 0, 0, 7, 192.60, 487815, 340
2006, 0, 396, 418, 180, 31, 0.00%, 0, 0, 7, 194.29, 488814, 340
2011, 0, 396, 418, 180, 31, 0.00%, 0, 0, 7, 204.00, 489837, 340
2016, 0, 396, 418, 180, 31, 0.00%, 0, 0, 7, 203.75, 490869, 340
2021, 0, 396, 418, 180, 31, 0.00%, 0, 0, 7, 200.51, 491925, 340
2026, 0, 396, 418, 180, 31, 0.00%, 0, 0, 7, 193.57, 492915, 340
2031, 0, 396, 418, 180, 31, 0.00%, 0, 0, 7, 203.81, 493953, 340
2036, 0, 396, 418, 180, 31, 0.00%, 0, 0, 7, 201.19, 494969, 340
2041, 0, 396, 418, 180, 31, 0.00%, 0, 0, 7, 204.84, 496025, 340
2046, 0, 396, 418, 180, 31, 0.00%, 0, 0, 7, 189.83, 496998, 340
2051, 0, 396, 418, 180, 31, 0.00%, 0, 0, 7, 199.18, 498045, 340
2056, 0, 396, 418, 180, 31, 0.00%, 0, 0, 7, 193.10, 499008, 340
2062, 0, 396, 418, 180, 31, 0.00%, 0, 0, 7, 200.49, 500034, 340
2067, 0, 396, 418, 180, 31, 0.00%, 0, 0, 7, 209.11, 501101, 340
2072, 0, 396, 418, 180, 31, 0.00%, 0, 0, 7, 205.19, 502141, 340
2077, 0, 396, 418, 180, 31, 0.00%, 0, 0, 7, 198.52, 503130, 340
2082, 0, 396, 418, 180, 31, 0.00%, 0, 0, 7, 183.12, 504015, 340
2087, 0, 396, 418, 180, 31, 0.00%, 0, 0, 7, 184.44, 504903, 340
2092, 0, 396, 418, 180, 31, 0.00%, 0, 0, 7, 195.50, 505863, 340
2097, 0, 396, 418, 180, 31, 0.00%, 0, 0, 7, 202.20, 506925, 340
2103, 0, 396, 418, 180, 31, 0.00%, 0, 0, 7, 194.77, 507912, 340
2108, 0, 396, 418, 180, 31, 0.00%, 0, 0, 7, 198.21, 508944, 340
2113, 0, 396, 418, 180, 31, 0.00%, 0, 0, 7, 193.89, 509934, 340
2118, 0, 396, 418, 180, 31, 0.00%, 0, 0, 7, 199.12, 510969, 340
2123, 0, 396, 418, 180, 31, 0.00%, 0, 0, 7, 193.65, 511956, 340
2128, 0, 396, 418, 180, 31, 0.00%, 0, 0, 7, 200.68, 513001, 340
2133, 0, 396, 418, 180, 31, 0.00%, 0, 0, 7, 204.81, 513933, 340
2139, 0, 396, 418, 180, 31, 0.00%, 0, 0, 7, 196.07, 514917, 340
2144, 0, 389, 418, 179, 31, 0.00%, 0, 0, 7, 364.56, 516869, 340
2149, 0, 389, 418, 179, 31, 0.00%, 0, 0, 7, 419.80, 519098, 340
2154, 0, 389, 418, 179, 31, 0.00%, 0, 0, 7, 429.16, 521298, 340
2159, 0, 352, 418, 178, 30, 0.00%, 0, 0, 7, 406.05, 523438, 340
2164, 0, 352, 418, 178, 30, 0.00%, 0, 0, 7, 268.61, 524631, 340
2169, 0, 352, 418, 178, 30, 0.00%, 0, 0, 7, 228.71, 525694, 340
2174, 0, 352, 418, 178, 30, 0.00%, 0, 0, 7, 218.99, 526726, 340
2179, 0, 352, 418, 178, 30, 0.00%, 0, 0, 7, 218.17, 527826, 340
2185, 0, 352, 418, 178, 30, 0.00%, 0, 0, 7, 220.01, 528882, 340
2190, 0, 352, 418, 178, 30, 0.00%, 0, 0, 7, 228.58, 530054, 340
2195, 0, 352, 418, 178, 30, 0.00%, 0, 0, 7, 229.15, 531222, 340
2200, 0, 352, 418, 178, 30, 0.00%, 0, 0, 7, 223.69, 532314, 340
2205, 0, 352, 418, 178, 30, 0.00%, 0, 0, 7, 222.61, 533426, 340
2210, 0, 352, 418, 178, 30, 0.00%, 0, 0, 7, 226.87, 534614, 340
2215, 0, 352, 418, 178, 30, 0.00%, 0, 0, 7, 213.48, 535690, 340
2220, 0, 352, 418, 178, 30, 0.00%, 0, 0, 7, 218.61, 536838, 340
2226, 0, 352, 418, 178, 30, 0.00%, 0, 0, 7, 213.78, 537910, 340
2231, 0, 352, 418, 178, 30, 0.00%, 0, 0, 7, 217.91, 539022, 340
2236, 0, 352, 418, 178, 30, 0.00%, 0, 0, 7, 225.51, 540206, 340
2241, 0, 352, 418, 178, 30, 0.00%, 0, 0, 7, 221.84, 541306, 340
2246, 0, 352, 418, 178, 30, 0.00%, 0, 0, 7, 218.91, 542450, 340
2251, 0, 352, 418, 178, 30, 0.00%, 0, 0, 7, 214.65, 543522, 340
2256, 0, 352, 418, 178, 30, 0.00%, 0, 0, 7, 220.59, 544686, 340
2261, 0, 352, 418, 178, 30, 0.00%, 0, 0, 7, 227.40, 545846, 340
2266, 0, 352, 418, 178, 30, 0.00%, 0, 0, 7, 219.81, 546954, 340
2271, 0, 352, 418, 178, 30, 0.00%, 0, 0, 7, 216.87, 548058, 340
2276, 0, 352, 418, 178, 30, 0.00%, 0, 0, 7, 200.92, 548995, 340
2282, 0, 352, 418, 178, 30, 0.00%, 0, 0, 7, 221.94, 550194, 340
2287, 0, 352, 418, 178, 30, 0.00%, 0, 0, 7, 224.93, 551370, 340
2292, 0, 352, 418, 178, 30, 0.00%, 0, 0, 7, 232.70, 552570, 340
2297, 0, 352, 418, 178, 30, 0.00%, 0, 0, 7, 225.18, 553670, 340
2302, 0, 352, 418, 178, 30, 0.00%, 0, 0, 7, 222.34, 554790, 340
2307, 0, 352, 418, 178, 30, 0.00%, 0, 0, 7, 228.30, 555954, 340
2312, 0, 377, 419, 178, 29, 0.00%, 0, 0, 7, 196.00, 556922, 340
2317, 0, 377, 419, 178, 29, 0.00%, 0, 0, 7, 195.24, 557780, 340
2322, 0, 377, 419, 178, 29, 0.00%, 0, 0, 7, 204.72, 558745, 340
2327, 0, 377, 419, 178, 29, 0.00%, 0, 0, 7, 191.25, 559685, 340
2333, 0, 377, 419, 178, 29, 0.00%, 0, 0, 7, 197.67, 560714, 340
2338, 0, 377, 419, 178, 29, 0.00%, 0, 0, 7, 201.75, 561769, 340
2343, 0, 377, 419, 178, 29, 0.00%, 0, 0, 7, 193.89, 562772, 340
2348, 0, 377, 419, 178, 29, 0.00%, 0, 0, 7, 201.62, 563793, 340
2353, 0, 377, 419, 178, 29, 0.00%, 0, 0, 7, 199.54, 564821, 340
2358, 0, 377, 419, 178, 29, 0.00%, 0, 0, 7, 196.25, 565820, 340
2363, 0, 377, 419, 178, 29, 0.00%, 0, 0, 7, 190.92, 566780, 340
2369, 0, 377, 419, 178, 29, 0.00%, 0, 0, 7, 198.50, 567773, 340
2374, 0, 377, 419, 178, 29, 0.00%, 0, 0, 7, 203.08, 568809, 340
2379, 0, 377, 419, 178, 29, 0.00%, 0, 0, 7, 199.26, 569819, 340
2384, 0, 377, 419, 178, 29, 0.00%, 0, 0, 7, 171.76, 570662, 340
2389, 0, 377, 419, 178, 29, 0.00%, 0, 0, 7, 188.88, 571631, 340
2394, 0, 377, 419, 178, 29, 0.00%, 0, 0, 7, 189.00, 572594, 340
2399, 0, 377, 419, 178, 29, 0.00%, 0, 0, 7, 192.38, 573596, 340
2404, 0, 377, 419, 178, 29, 0.00%, 0, 0, 7, 187.02, 574520, 340
2409, 0, 377, 419, 178, 29, 0.00%, 0, 0, 7, 195.06, 575537, 340
2414, 0, 377, 419, 178, 29, 0.00%, 0, 0, 7, 188.67, 576491, 340
2420, 0, 377, 419, 178, 29, 0.00%, 0, 0, 7, 201.45, 577529, 340
2425, 0, 377, 419, 178, 29, 0.00%, 0, 0, 7, 178.90, 578384, 340
2430, 0, 377, 419, 178, 29, 0.00%, 0, 0, 7, 186.37, 579317, 340
2435, 0, 377, 419, 178, 29, 0.00%, 0, 0, 7, 191.39, 580313, 340
2440, 0, 377, 419, 178, 29, 0.00%, 0, 0, 7, 192.11, 581294, 340
2445, 0, 377, 419, 178, 29, 0.00%, 0, 0, 7, 203.33, 582345, 340
2450, 0, 377, 419, 178, 29, 0.00%, 0, 0, 7, 194.14, 583280, 340
2456, 0, 377, 419, 178, 29, 0.00%, 0, 0, 7, 186.47, 584087, 340
2461, 0, 377, 419, 178, 29, 0.00%, 0, 0, 7, 188.54, 585044, 340
2466, 0, 377, 419, 178, 29, 0.00%, 0, 0, 7, 180.59, 585902, 340
2471, 0, 377, 419, 178, 29, 0.00%, 0, 0, 7, 184.67, 586772, 340
2476, 0, 377, 419, 178, 29, 0.00%, 0, 0, 7, 188.75, 587705, 340
2481, 0, 377, 419, 178, 29, 0.00%, 0, 0, 7, 200.03, 588713, 340
2486, 0, 335, 419, 177, 28, 0.00%, 0, 0, 7, 207.49, 589739, 340
2491, 0, 335, 419, 177, 28, 0.00%, 0, 0, 7, 216.65, 590827, 340
2496, 0, 335, 419, 177, 28, 0.00%, 0, 0, 7, 32.89, 591915, 340
2502, 0, 335, 419, 177, 28, 0.00%, 0, 0, 7, 216.16, 593051, 340
2507, 0, 335, 419, 177, 28, 0.00%, 0, 0, 7, 221.31, 594171, 340
2512, 0, 335, 419, 177, 28, 0.00%, 0, 0, 7, 219.40, 595271, 340
2517, 0, 335, 419, 177, 28, 0.00%, 0, 0, 7, 197.61, 596239, 340
2522, 0, 335, 419, 177, 28, 0.00%, 0, 0, 7, 199.18, 597272, 340
2527, 0, 335, 419, 177, 28, 0.00%, 0, 0, 7, 210.81, 598367, 340
2532, 0, 335, 419, 177, 28, 0.00%, 0, 0, 7, 198.05, 599357, 340
2537, 0, 335, 419, 177, 28, 0.00%, 0, 0, 7, 202.26, 600359, 340
2542, 0, 335, 419, 177, 28, 0.00%, 0, 0, 7, 195.98, 601337, 340
2547, 0, 335, 419, 177, 28, 0.00%, 0, 0, 7, 209.97, 602439, 340
2552, 0, 335, 419, 177, 28, 0.00%, 0, 0, 7, 214.72, 603519, 340
2558, 0, 335, 419, 177, 28, 0.00%, 0, 0, 7, 209.32, 604531, 340
2563, 0, 335, 419, 177, 28, 0.00%, 0, 0, 7, 208.13, 605567, 340
2568, 0, 335, 419, 177, 28, 0.00%, 0, 0, 7, 204.93, 606615, 340
2573, 0, 335, 419, 177, 28, 0.00%, 0, 0, 7, 200.29, 607604, 340
2578, 0, 335, 419, 177, 28, 0.00%, 0, 0, 7, 186.15, 608489, 340
2583, 0, 335, 419, 177, 28, 0.00%, 0, 0, 7, 186.60, 609368, 340
2588, 0, 335, 419, 177, 28, 0.00%, 0, 0, 7, 182.72, 610217, 340
2593, 0, 335, 419, 177, 28, 0.00%, 0, 0, 7, 176.95, 611096, 340
2598, 0, 335, 419, 177, 28, 0.00%, 0, 0, 7, 189.69, 611999, 340
2603, 0, 335, 419, 177, 28, 0.00%, 0, 0, 7, 192.82, 612977, 340
2608, 0, 335, 419, 177, 28, 0.00%, 0, 0, 7, 185.96, 613836, 340
2613, 0, 335, 419, 177, 28, 0.00%, 0, 0, 7, 195.75, 614745, 340
2618, 0, 335, 419, 177, 28, 0.00%, 0, 0, 7, 208.24, 615832, 340
2623, 0, 335, 419, 177, 28, 0.00%, 0, 0, 7, 208.57, 616896, 340
2628, 0, 335, 419, 177, 28, 0.00%, 0, 0, 7, 198.84, 617907, 340
2633, 0, 335, 419, 177, 28, 0.00%, 0, 0, 7, 187.63, 618840, 340
2638, 0, 335, 419, 177, 28, 0.00%, 0, 0, 7, 189.92, 619767, 340
2644, 0, 335, 419, 177, 28, 0.00%, 0, 0, 7, 189.85, 620688, 340
2649, 0, 335, 419, 177, 28, 0.00%, 0, 0, 7, 200.28, 621664, 340
2654, 0, 378, 420, 177, 27, 0.00%, 0, 0, 7, 188.45, 622611, 340
2659, 0, 378, 421, 178, 27, 0.00%, 0, 0, 7, 189.20, 623558, 340
2664, 0, 378, 421, 178, 27, 0.00%, 0, 0, 7, 174.65, 624452, 340
2669, 0, 378, 421, 178, 27, 0.00%, 0, 0, 7, 181.61, 625394, 340
2675, 0, 378, 421, 178, 27, 0.00%, 0, 0, 7, 186.93, 626375, 340
2680, 0, 378, 421, 178, 27, 0.00%, 0, 0, 7, 182.25, 627260, 340
2685, 0, 378, 421, 178, 27, 0.00%, 0, 0, 7, 188.97, 628142, 340
2690, 0, 378, 421, 178, 27, 0.00%, 0, 0, 7, 189.38, 629132, 340
2695, 0, 378, 421, 178, 27, 0.00%, 0, 0, 7, 180.09, 629981, 340
2700, 0, 378, 421, 178, 27, 0.00%, 0, 0, 7, 184.29, 630860, 340
2705, 0, 378, 421, 178, 27, 0.00%, 0, 0, 7, 200.01, 631706, 340
2710, 0, 378, 421, 178, 27, 0.00%, 0, 0, 7, 189.33, 632678, 340
2715, 0, 378, 421, 178, 27, 0.00%, 0, 0, 7, 155.99, 633438, 340
2721, 0, 378, 421, 178, 27, 0.00%, 0, 0, 7, 177.45, 634350, 340
2726, 0, 378, 421, 178, 27, 0.00%, 0, 0, 7, 179.13, 635259, 340
2731, 0, 378, 421, 178, 27, 0.00%, 0, 0, 7, 174.52, 636174, 340
2736, 0, 378, 421, 178, 27, 0.00%, 0, 0, 7, 161.02, 636963, 340
2741, 0, 378, 421, 178, 27, 0.00%, 0, 0, 7, 170.12, 637809, 340
2746, 0, 378, 421, 178, 27, 0.00%, 0, 0, 7, 169.13, 638616, 340
2751, 0, 378, 421, 178, 27, 0.00%, 0, 0, 7, 15.00, 639441, 340
2757, 0, 378, 421, 178, 27, 0.00%, 0, 0, 7, 172.72, 640278, 340
2762, 0, 378, 421, 178, 27, 0.00%, 0, 0, 7, 177.20, 641163, 340
2767, 0, 378, 421, 178, 27, 0.00%, 0, 0, 7, 186.26, 642114, 340
2772, 0, 378, 421, 178, 27, 0.00%, 0, 0, 7, 190.90, 643095, 340
2777, 0, 378, 421, 178, 27, 0.00%, 0, 0, 7, 181.08, 643989, 340
2782, 0, 378, 421, 178, 27, 0.00%, 0, 0, 7, 189.89, 644955, 340
2787, 0, 378, 421, 178, 27, 0.00%, 0, 0, 7, 188.39, 645900, 340
2792, 0, 378, 421, 178, 27, 0.00%, 0, 0, 7, 193.97, 646920, 340
2797, 0, 378, 421, 178, 27, 0.00%, 0, 0, 7, 190.65, 647913, 340
2803, 0, 378, 421, 178, 27, 0.00%, 0, 0, 7, 187.57, 648873, 340
2808, 0, 378, 421, 178, 27, 0.00%, 0, 0, 7, 137.74, 649647, 340
2813, 0, 378, 421, 178, 27, 0.00%, 0, 0, 7, 144.59, 650393, 340
2818, 0, 378, 421, 178, 27, 0.00%, 0, 0, 7, 156.19, 651189, 340
2823, 0, 378, 421, 178, 27, 0.00%, 0, 0, 7, 145.20, 651877, 340
2828, 0, 378, 421, 178, 27, 0.00%, 0, 0, 7, 136.39, 652513, 340
2833, 0, 378, 421, 178, 27, 0.00%, 0, 0, 7, 140.06, 653217, 340
2838, 0, 378, 421, 178, 27, 0.00%, 0, 0, 7, 137.09, 653891, 340
2843, 0, 378, 421, 178, 27, 0.00%, 0, 0, 7, 134.36, 654579, 340
2849, 0, 406, 422, 178, 26, 0.00%, 0, 0, 7, 158.42, 655384, 340
2854, 0, 406, 422, 178, 26, 0.00%, 0, 0, 7, 168.95, 656215, 340
2859, 0, 406, 422, 178, 26, 0.00%, 0, 0, 7, 181.85, 657136, 340
2864, 0, 406, 422, 178, 26, 0.00%, 0, 0, 7, 182.00, 658078, 340
2869, 0, 406, 422, 178, 26, 0.00%, 0, 0, 7, 184.08, 659014, 340
2874, 0, 406, 422, 178, 26, 0.00%, 0, 0, 7, 194.68, 660028, 340
2879, 0, 406, 422, 178, 26, 0.00%, 0, 0, 7, 195.27, 661048, 340
2884, 0, 406, 422, 178, 26, 0.00%, 0, 0, 7, 201.90, 661918, 340
2890, 0, 406, 422, 178, 26, 0.00%, 0, 0, 7, 200.32, 662932, 340
2895, 0, 406, 422, 178, 26, 0.00%, 0, 0, 7, 200.35, 663943, 340
2900, 0, 406, 422, 178, 26, 0.00%, 0, 0, 7, 207.98, 664989, 340
2905, 0, 406, 422, 178, 26, 0.00%, 0, 0, 7, 200.88, 666013, 340
2910, 0, 406, 422, 178, 26, 0.00%, 0, 0, 7, 204.52, 667034, 340
2915, 0, 406, 422, 178, 26, 0.00%, 0, 0, 7, 200.95, 668058, 340
2920, 0, 406, 422, 178, 26, 0.00%, 0, 0, 7, 206.05, 669122, 340
2925, 0, 406, 422, 178, 26, 0.00%, 0, 0, 7, 201.98, 670130, 340
2930, 0, 406, 422, 178, 26, 0.00%, 0, 0, 7, 207.21, 671178, 340
2935, 0, 406, 422, 178, 26, 0.00%, 0, 0, 7, 195.37, 672155, 340
2940, 0, 406, 422, 178, 26, 0.00%, 0, 0, 7, 193.84, 673085, 340
2945, 0, 406, 422, 178, 26, 0.00%, 0, 0, 7, 198.07, 674057, 340
2951, 0, 406, 422, 178, 26, 0.00%, 0, 0, 7, 211.28, 675138, 340
2956, 0, 406, 422, 178, 26, 0.00%, 0, 0, 7, 210.11, 676198, 340
2961, 0, 406, 422, 178, 26, 0.00%, 0, 0, 7, 202.39, 677186, 340
2966, 0, 406, 422, 178, 26, 0.00%, 0, 0, 7, 206.26, 678186, 340
2971, 0, 406, 422, 178, 26, 0.00%, 0, 0, 7, 207.24, 679182, 340
2976, 0, 406, 422, 178, 26, 0.00%, 0, 0, 7, 209.65, 680286, 340
2981, 0, 406, 422, 178, 26, 0.00%, 0, 0, 7, 209.54, 681330, 340
2986, 0, 406, 422, 178, 26, 0.00%, 0, 0, 7, 200.92, 682334, 340
2991, 0, 406, 422, 178, 26, 0.00%, 0, 0, 7, 204.52, 683366, 340
2996, 0, 406, 422, 178, 26, 0.00%, 0, 0, 7, 213.90, 684446, 340
3001, 0, 406, 422, 178, 26, 0.00%, 0, 0, 7, 213.42, 685546, 340
3006, 0, 406, 422, 178, 26, 0.00%, 0, 0, 7, 209.82, 686590, 340
3011, 0, 406, 445, 200, 25, 0.00%, 0, 0, 7, 206.03, 687661, 385
3017, 0, 441, 448, 203, 37, 0.00%, 0, 0, 7, 384.58, 689842, 385
3022, 0, 441, 448, 203, 37, 0.00%, 0, 0, 7, 421.73, 692067, 385
3027, 0, 441, 448, 203, 37, 0.00%, 0, 0, 7, 432.69, 694299, 385
3032, 0, 416, 448, 202, 36, 0.00%, 0, 0, 7, 354.97, 696147, 385
3037, 0, 416, 448, 202, 36, 0.00%, 0, 0, 7, 233.56, 697185, 385
3042, 0, 416, 448, 202, 36, 0.00%, 0, 0, 7, 205.27, 698205, 385
3047, 0, 416, 448, 202, 36, 0.00%, 0, 0, 7, 184.85, 699113, 385
3052, 0, 416, 448, 202, 36, 0.00%, 0, 0, 7, 212.00, 700017, 385
3057, 0, 416, 448, 202, 36, 0.00%, 0, 0, 7, 202.91, 701053, 385
3062, 0, 416, 448, 202, 36, 0.00%, 0, 0, 7, 195.54, 701996, 385
3068, 0, 416, 448, 202, 36, 0.00%, 0, 0, 7, 200.04, 703049, 385
3073, 0, 416, 448, 202, 36, 0.00%, 0, 0, 7, 201.29, 704057, 385
3078, 0, 416, 448, 202, 36, 0.00%, 0, 0, 7, 198.93, 705086, 385
3083, 0, 416, 448, 202, 36, 0.00%, 0, 0, 7, 193.68, 706088, 385
3088, 0, 416, 448, 202, 36, 0.00%, 0, 0, 7, 195.09, 707060, 385
3093, 0, 416, 448, 202, 36, 0.00%, 0, 0, 7, 194.48, 708077, 385
3099, 0, 416, 448, 202, 36, 0.00%, 0, 0, 7, 190.34, 709094, 385
3104, 0, 416, 448, 202, 36, 0.00%, 0, 0, 7, 183.77, 709985, 385
3109, 0, 416, 448, 202, 36, 0.00%, 0, 0, 7, 193.67, 710972, 385
3114, 0, 416, 448, 202, 36, 0.00%, 0, 0, 7, 197.75, 712007, 385
3119, 0, 416, 448, 202, 36, 0.00%, 0, 0, 7, 196.92, 712991, 385
3124, 0, 416, 448, 202, 36, 0.00%, 0, 0, 7, 194.70, 714002, 385
3129, 0, 416, 448, 202, 36, 0.00%, 0, 0, 7, 189.06, 714950, 385
3134, 0, 416, 448, 202, 36, 0.00%, 0, 0, 7, 184.44, 715874, 385
3139, 0, 416, 448, 202, 36, 0.00%, 0, 0, 7, 189.04, 716834, 385
3145, 0, 416, 448, 202, 36, 0.00%, 0, 0, 7, 202.50, 717893, 385
3150, 0, 416, 448, 202, 36, 0.00%, 0, 0, 7, 202.75, 718937, 385
3155, 0, 416, 448, 202, 36, 0.00%, 0, 0, 7, 203.30, 719973, 385
3160, 0, 416, 448, 202, 36, 0.00%, 0, 0, 7, 193.38, 720902, 385
3165, 0, 416, 448, 202, 36, 0.00%, 0, 0, 7, 192.67, 721910, 385
3170, 0, 416, 448, 202, 36, 0.00%, 0, 0, 7, 189.72, 722876, 385
3175, 0, 416, 448, 202, 36, 0.00%, 0, 0, 7, 193.87, 723869, 385
3181, 0, 416, 448, 202, 36, 0.00%, 0, 0, 7, 199.15, 724913, 385
3186, 0, 416, 448, 202, 36, 0.00%, 0, 0, 7, 193.58, 725915, 385
3191, 0, 416, 448, 202, 36, 0.00%, 0, 0, 7, 188.62, 726884, 385
3196, 0, 416, 448, 202, 36, 0.00%, 0, 0, 7, 187.96, 727862, 385
3201, 0, 202, 448, 201, 35, 0.00%, 0, 0, 7, 193.84, 728851, 385
3206, 0, 202, 448, 201, 35, 0.00%, 0, 0, 7, 261.80, 730267, 385
3211, 0, 202, 448, 201, 35, 0.00%, 0, 0, 7, 251.17, 731517, 385
3217, 0, 202, 448, 201, 35, 0.00%, 0, 0, 7, 266.40, 732912, 385
3222, 0, 202, 448, 201, 35, 0.00%, 0, 0, 7, 276.67, 734352, 385
3227, 0, 202, 448, 201, 35, 0.00%, 0, 0, 7, 249.79, 735672, 385
3232, 0, 202, 448, 201, 35, 0.00%, 0, 0, 7, 224.42, 736788, 385
3237, 0, 202, 448, 201, 35, 0.00%, 0, 0, 7, 220.76, 737940, 385
3242, 0, 202, 448, 201, 35, 0.00%, 0, 0, 7, 210.63, 738964, 385
3247, 0, 202, 448, 201, 35, 0.00%, 0, 0, 7, 223.07, 740108, 385
3252, 0, 202, 448, 201, 35, 0.00%, 0, 0, 7, 216.11, 741184, 385
3257, 0, 202, 448, 201, 35, 0.00%, 0, 0, 7, 216.79, 742288, 385
3262, 0, 202, 448, 201, 35, 0.00%, 0, 0, 7, 215.57, 743368, 385
3267, 0, 202, 448, 201, 35, 0.00%, 0, 0, 7, 250.93, 744622, 385
3272, 0, 202, 448, 201, 35, 0.00%, 0, 0, 7, 277.11, 746042, 385
3277, 0, 202, 448, 201, 35, 0.00%, 0, 0, 7, 279.43, 747522, 385
3283, 0, 202, 448, 201, 35, 0.00%, 0, 0, 7, 268.98, 748857, 385
3288, 0, 202, 448, 201, 35, 0.00%, 0, 0, 7, 270.66, 750202, 385
3293, 0, 202, 448, 201, 35, 0.00%, 0, 0, 7, 287.76, 751732, 385
3298, 0, 202, 448, 201, 35, 0.00%, 0, 0, 7, 279.50, 753152, 385
3303, 0, 202, 448, 201, 35, 0.00%, 0, 0, 7, 265.21, 754517, 385
3308, 0, 202, 448, 201, 35, 0.00%, 0, 0, 7, 265.60, 755927, 385
3313, 0, 202, 448, 201, 35, 0.00%, 0, 0, 7, 287.47, 757452, 385
3318, 0, 202, 448, 201, 35, 0.00%, 0, 0, 7, 297.79, 758957, 385
3324, 0, 202, 448, 201, 35, 0.00%, 0, 0, 7, 292.42, 760467, 385
3329, 0, 432, 448, 200, 34, 0.00%, 0, 0, 7, 326.55, 762062, 385
3334, 0, 432, 449, 201, 34, 0.00%, 0, 0, 7, 411.18, 764306, 386
3339, 0, 432, 449, 201, 34, 0.00%, 0, 0, 7, 428.83, 766514, 386
3344, 0, 432, 449, 201, 34, 0.00%, 0, 0, 7, 429.23, 768714, 386
3349, 0, 398, 449, 200, 35, 0.00%, 0, 0, 7, 61.35, 770290, 386
3354, 0, 398, 449, 200, 35, 0.00%, 0, 0, 7, 172.13, 771328, 386
3359, 0, 398, 449, 200, 35, 0.00%, 0, 0, 7, 199.86, 772219, 386
3365, 0, 398, 449, 200, 35, 0.00%, 0, 0, 7, 203.06, 773232, 386
3370, 0, 398, 449, 200, 35, 0.00%, 0, 0, 7, 192.70, 774220, 386
3375, 0, 398, 449, 200, 35, 0.00%, 0, 0, 7, 203.00, 775272, 386
3380, 0, 398, 449, 200, 35, 0.00%, 0, 0, 7, 196.89, 776268, 386
3385, 0, 398, 449, 200, 35, 0.00%, 0, 0, 7, 199.46, 777300, 386
3390, 0, 398, 449, 200, 35, 0.00%, 0, 0, 7, 203.48, 778360, 386
3395, 0, 398, 449, 200, 35, 0.00%, 0, 0, 7, 202.74, 779364, 386
3400, 0, 398, 449, 200, 35, 0.00%, 0, 0, 7, 202.93, 780404, 386
3405, 0, 398, 449, 200, 35, 0.00%, 0, 0, 7, 195.66, 781372, 386
3411, 0, 398, 449, 200, 35, 0.00%, 0, 0, 7, 201.08, 782408, 386
3416, 0, 398, 449, 200, 35, 0.00%, 0, 0, 7, 200.30, 783415, 386
3421, 0, 398, 449, 200, 35, 0.00%, 0, 0, 7, 199.01, 784402, 386
3426, 0, 398, 449, 200, 35, 0.00%, 0, 0, 7, 202.58, 785448, 386
3431, 0, 398, 449, 200, 35, 0.00%, 0, 0, 7, 191.19, 786409, 386
3436, 0, 398, 449, 200, 35, 0.00%, 0, 0, 7, 191.82, 787393, 386
3441, 0, 398, 449, 200, 35, 0.00%, 0, 0, 7, 197.45, 788410, 386
3446, 0, 398, 449, 200, 35, 0.00%, 0, 0, 7, 187.50, 789373, 386
3451, 0, 398, 449, 200, 35, 0.00%, 0, 0, 7, 189.84, 790345, 386
3456, 0, 398, 449, 200, 35, 0.00%, 0, 0, 7, 190.59, 791302, 386
3462, 0, 398, 449, 200, 35, 0.00%, 0, 0, 7, 199.44, 792343, 386
3467, 0, 398, 449, 200, 35, 0.00%, 0, 0, 7, 202.07, 793380, 386
3472, 0, 398, 449, 200, 35, 0.00%, 0, 0, 7, 204.20, 794456, 386
3477, 0, 398, 449, 200, 35, 0.00%, 0, 0, 7, 194.79, 795436, 386
3482, 0, 398, 449, 200, 35, 0.00%, 0, 0, 7, 191.37, 796421, 386
3487, 0, 398, 449, 200, 35, 0.00%, 0, 0, 7, 203.03, 797497, 386
3492, 0, 398, 449, 200, 35, 0.00%, 0, 0, 7, 205.78, 798545, 386
3497, 0, 398, 449, 200, 35, 0.00%, 0, 0, 7, 185.09, 799409, 386
3503, 0, 398, 449, 200, 35, 0.00%, 0, 0, 7, 194.24, 800432, 386
3508, 0, 398, 449, 200, 35, 0.00%, 0, 0, 7, 191.09, 801407, 386
3513, 0, 398, 449, 200, 35, 0.00%, 0, 0, 7, 205.24, 802465, 386
3518, 0, 436, 450, 200, 34, 0.00%, 0, 0, 7, 380.00, 804593, 386
3523, 0, 436, 450, 200, 34, 0.00%, 0, 0, 7, 423.80, 806831, 386
3528, 0, 436, 450, 200, 34, 0.00%, 0, 0, 7, 431.44, 809039, 386
3533, 0, 447, 453, 202, 34, 0.00%, 0, 0, 7, 373.25, 810978, 386
3538, 0, 447, 454, 203, 34, 0.00%, 0, 0, 7, 232.53, 812005, 386
3543, 0, 447, 454, 203, 34, 0.00%, 0, 0, 7, 205.48, 812945, 386
3549, 0, 447, 454, 203, 34, 0.00%, 0, 0, 7, 206.05, 813993, 386
3554, 0, 447, 454, 203, 34, 0.00%, 0, 0, 7, 206.08, 815001, 386
3559, 0, 447, 454, 203, 34, 0.00%, 0, 0, 7, 204.08, 816029, 386
3564, 0, 447, 454, 203, 34, 0.00%, 0, 0, 7, 201.96, 817077, 386
3569, 0, 447, 454, 203, 34, 0.00%, 0, 0, 7, 213.27, 818165, 386
3574, 0, 447, 454, 203, 34, 0.00%, 0, 0, 7, 206.15, 819221, 386
3579, 0, 447, 454, 203, 34, 0.00%, 0, 0, 7, 186.83, 820079, 386
3584, 0, 447, 454, 203, 34, 0.00%, 0, 0, 7, 201.14, 820922, 386
3589, 0, 447, 454, 203, 34, 0.00%, 0, 0, 7, 211.63, 821793, 386
3594, 0, 447, 454, 203, 34, 0.00%, 0, 0, 7, 204.92, 822813, 386
3599, 0, 447, 454, 203, 34, 0.00%, 0, 0, 7, 200.52, 823793, 386
3605, 0, 447, 454, 203, 34, 0.00%, 0, 0, 7, 198.67, 824834, 386
3610, 0, 447, 454, 203, 34, 0.00%, 0, 0, 7, 209.52, 825913, 386
3615, 0, 447, 454, 203, 34, 0.00%, 0, 0, 7, 204.45, 826937, 386
3620, 0, 447, 454, 203, 34, 0.00%, 0, 0, 7, 199.29, 827939, 386
3625, 0, 447, 454, 203, 34, 0.00%, 0, 0, 7, 203.78, 828973, 386
3630, 0, 447, 454, 203, 34, 0.00%, 0, 0, 7, 213.04, 830053, 386
3634, 0, 447, 454, 203, 34, 0.00%, 0, 0, 7, 208.05, 830920, 386
