# relative_time, cycles_done, cur_path, paths_total, pending_total, pending_favs, map_size, unique_crashes, unique_hangs, max_depth, execs_per_sec, total_execs, edges_found
62, 0, 299, 393, 166, 27, 0.00%, 0, 0, 2, 205.31, 22070, 319
67, 0, 299, 393, 166, 27, 0.00%, 0, 0, 2, 218.00, 23114, 319
72, 0, 299, 393, 166, 27, 0.00%, 0, 0, 2, 213.76, 24174, 319
77, 0, 299, 394, 167, 27, 0.00%, 0, 0, 2, 212.78, 25226, 321
82, 0, 299, 394, 167, 27, 0.00%, 0, 0, 2, 215.57, 26306, 321
87, 0, 299, 394, 167, 27, 0.00%, 0, 0, 2, 212.18, 27350, 321
92, 0, 299, 394, 167, 27, 0.00%, 0, 0, 2, 204.71, 28358, 321
97, 0, 299, 394, 167, 27, 0.00%, 0, 0, 2, 208.55, 29246, 321
102, 0, 299, 394, 167, 27, 0.00%, 0, 0, 2, 211.55, 30322, 321
108, 0, 299, 394, 167, 27, 0.00%, 0, 0, 2, 195.53, 31249, 321
113, 0, 299, 394, 167, 27, 0.00%, 0, 0, 2, 192.17, 32170, 321
118, 0, 299, 394, 167, 27, 0.00%, 0, 0, 2, 202.43, 33170, 321
123, 0, 299, 394, 167, 27, 0.00%, 0, 0, 2, 211.15, 34230, 321
128, 0, 299, 394, 167, 27, 0.00%, 0, 0, 2, 230.88, 35218, 321
133, 0, 299, 394, 167, 27, 0.00%, 0, 0, 2, 211.49, 36234, 321
138, 0, 299, 394, 167, 27, 0.00%, 0, 0, 2, 214.70, 37258, 321
143, 0, 299, 394, 167, 27, 0.00%, 0, 0, 2, 219.38, 38354, 321
148, 0, 299, 394, 167, 27, 0.00%, 0, 0, 2, 219.65, 39458, 321
153, 0, 299, 394, 167, 27, 0.00%, 0, 0, 2, 214.25, 40490, 321
158, 0, 299, 395, 168, 27, 0.00%, 0, 0, 2, 213.01, 41566, 322
163, 0, 299, 395, 168, 27, 0.00%, 0, 0, 2, 215.25, 42654, 322
168, 0, 299, 395, 168, 27, 0.00%, 0, 0, 2, 218.38, 43750, 322
173, 0, 299, 395, 168, 27, 0.00%, 0, 0, 2, 217.36, 44870, 322
178, 0, 299, 395, 168, 27, 0.00%, 0, 0, 2, 220.87, 45994, 322
183, 0, 299, 395, 168, 27, 0.00%, 0, 0, 2, 216.36, 47078, 322
189, 0, 299, 395, 168, 27, 0.00%, 0, 0, 2, 220.15, 48226, 322
194, 0, 299, 395, 168, 27, 0.00%, 0, 0, 2, 218.27, 49322, 322
199, 0, 299, 395, 168, 27, 0.00%, 0, 0, 2, 212.86, 50378, 322
204, 0, 299, 395, 168, 27, 0.00%, 0, 0, 2, 216.43, 51470, 322
209, 0, 306, 396, 168, 31, 0.00%, 0, 0, 2, 216.44, 52570, 322
214, 0, 306, 397, 169, 31, 0.00%, 0, 0, 2, 230.66, 53754, 337
219, 0, 306, 398, 170, 31, 0.00%, 0, 0, 2, 235.37, 54978, 338
224, 0, 306, 398, 170, 31, 0.00%, 0, 0, 2, 228.80, 56130, 338
229, 0, 306, 398, 170, 31, 0.00%, 0, 0, 2, 213.89, 57134, 338
234, 0, 306, 398, 170, 31, 0.00%, 0, 0, 2, 214.57, 58202, 338
239, 0, 306, 398, 170, 31, 0.00%, 0, 0, 2, 229.06, 59394, 338
245, 0, 306, 398, 170, 31, 0.00%, 0, 0, 2, 231.12, 60598, 338
250, 0, 306, 398, 170, 31, 0.00%, 0, 0, 2, 232.47, 61826, 338
255, 0, 306, 398, 170, 31, 0.00%, 0, 0, 2, 230.12, 62974, 338
260, 0, 306, 398, 170, 31, 0.00%, 0, 0, 2, 225.68, 64150, 338
265, 0, 306, 398, 170, 31, 0.00%, 0, 0, 2, 234.19, 65370, 338
270, 0, 306, 399, 171, 31, 0.00%, 0, 0, 2, 227.88, 66518, 339
275, 0, 306, 399, 171, 31, 0.00%, 0, 0, 2, 236.37, 67650, 339
280, 0, 306, 399, 171, 31, 0.00%, 0, 0, 2, 235.99, 68826, 339
286, 0, 306, 400, 172, 31, 0.00%, 0, 0, 2, 224.79, 69982, 340
291, 0, 306, 400, 172, 31, 0.00%, 0, 0, 2, 229.73, 71146, 340
296, 0, 306, 400, 172, 31, 0.00%, 0, 0, 2, 230.32, 72334, 340
301, 0, 306, 400, 172, 31, 0.00%, 0, 0, 2, 228.01, 73482, 340
306, 0, 306, 400, 172, 31, 0.00%, 0, 0, 2, 224.87, 74610, 340
311, 0, 306, 400, 172, 31, 0.00%, 0, 0, 2, 216.44, 75726, 340
316, 0, 306, 400, 172, 31, 0.00%, 0, 0, 2, 224.58, 76870, 340
321, 0, 306, 400, 172, 31, 0.00%, 0, 0, 2, 220.46, 77982, 340
326, 0, 306, 400, 172, 31, 0.00%, 0, 0, 2, 224.61, 79158, 340
331, 0, 306, 400, 172, 31, 0.00%, 0, 0, 2, 213.30, 80166, 340
336, 0, 306, 400, 172, 31, 0.00%, 0, 0, 2, 228.78, 81334, 340
341, 0, 306, 400, 172, 31, 0.00%, 0, 0, 2, 222.71, 82442, 340
347, 0, 306, 400, 172, 31, 0.00%, 0, 0, 2, 228.71, 83646, 340
352, 0, 306, 400, 172, 31, 0.00%, 0, 0, 2, 222.11, 84590, 340
357, 0, 312, 403, 174, 30, 0.00%, 0, 0, 2, 186.66, 85556, 340
362, 0, 312, 404, 175, 30, 0.00%, 0, 0, 2, 150.25, 86257, 342
367, 0, 312, 404, 175, 30, 0.00%, 0, 0, 2, 142.22, 86976, 342
372, 0, 312, 404, 175, 30, 0.00%, 0, 0, 2, 139.75, 87702, 342
377, 0, 312, 404, 175, 30, 0.00%, 0, 0, 2, 139.82, 88424, 342
383, 0, 312, 404, 175, 30, 0.00%, 0, 0, 2, 141.83, 89156, 342
388, 0, 312, 404, 175, 30, 0.00%, 0, 0, 2, 137.87, 89868, 342
393, 0, 312, 405, 176, 30, 0.00%, 0, 0, 2, 136.61, 90566, 344
398, 0, 312, 405, 176, 30, 0.00%, 0, 0, 2, 136.59, 91270, 344
403, 0, 312, 406, 177, 30, 0.00%, 0, 0, 2, 128.52, 91940, 344
408, 0, 312, 406, 177, 30, 0.00%, 0, 0, 2, 136.06, 92652, 344
414, 0, 312, 406, 177, 30, 0.00%, 0, 0, 2, 137.40, 93356, 344
419, 0, 312, 406, 177, 30, 0.00%, 0, 0, 2, 138.73, 94078, 344
424, 0, 312, 406, 177, 30, 0.00%, 0, 0, 2, 139.58, 94804, 344
429, 0, 312, 406, 177, 30, 0.00%, 0, 0, 2, 138.09, 95516, 344
434, 0, 312, 406, 177, 30, 0.00%, 0, 0, 2, 139.76, 96246, 344
439, 0, 312, 406, 177, 30, 0.00%, 0, 0, 2, 138.07, 96960, 344
445, 0, 312, 406, 177, 30, 0.00%, 0, 0, 2, 138.84, 97680, 344
450, 0, 312, 406, 177, 30, 0.00%, 0, 0, 2, 139.68, 98400, 344
455, 0, 312, 406, 177, 30, 0.00%, 0, 0, 2, 141.34, 99138, 344
460, 0, 312, 406, 177, 30, 0.00%, 0, 0, 2, 143.51, 99880, 344
465, 0, 312, 406, 177, 30, 0.00%, 0, 0, 2, 140.42, 100608, 344
471, 0, 312, 406, 177, 30, 0.00%, 0, 0, 2, 137.93, 101268, 344
476, 0, 312, 406, 177, 30, 0.00%, 0, 0, 2, 144.09, 101942, 344
481, 0, 312, 406, 177, 30, 0.00%, 0, 0, 2, 139.09, 102630, 344
486, 0, 312, 406, 177, 30, 0.00%, 0, 0, 2, 142.45, 103368, 344
491, 0, 312, 406, 177, 30, 0.00%, 0, 0, 2, 141.26, 104094, 344
496, 0, 312, 406, 177, 30, 0.00%, 0, 0, 2, 143.13, 104834, 344
501, 0, 312, 406, 177, 30, 0.00%, 0, 0, 2, 136.28, 105498, 344
506, 0, 312, 406, 177, 30, 0.00%, 0, 0, 2, 121.49, 106120, 344
511, 0, 312, 406, 177, 30, 0.00%, 0, 0, 2, 126.09, 106756, 344
516, 0, 312, 406, 177, 30, 0.00%, 0, 0, 2, 129.33, 107414, 344
522, 0, 312, 406, 177, 30, 0.00%, 0, 0, 2, 141.46, 108041, 344
527, 0, 312, 406, 177, 30, 0.00%, 0, 0, 2, 143.62, 108696, 344
532, 0, 312, 406, 177, 30, 0.00%, 0, 0, 2, 141.61, 109418, 344
537, 0, 312, 406, 177, 30, 0.00%, 0, 0, 2, 137.58, 110128, 344
542, 0, 312, 406, 177, 30, 0.00%, 0, 0, 2, 138.12, 110846, 344
547, 0, 312, 406, 177, 30, 0.00%, 0, 0, 2, 130.79, 111434, 344
552, 0, 312, 406, 177, 30, 0.00%, 0, 0, 2, 141.32, 112080, 344
558, 0, 312, 406, 177, 30, 0.00%, 0, 0, 2, 129.78, 112674, 344
563, 0, 312, 406, 177, 30, 0.00%, 0, 0, 2, 136.43, 113272, 344
568, 0, 312, 406, 177, 30, 0.00%, 0, 0, 2, 140.84, 113976, 344
573, 0, 312, 406, 177, 30, 0.00%, 0, 0, 2, 133.94, 114640, 344
578, 0, 312, 406, 177, 30, 0.00%, 0, 0, 2, 128.01, 115290, 344
583, 0, 312, 406, 177, 30, 0.00%, 0, 0, 2, 135.15, 115988, 344
588, 0, 312, 406, 177, 30, 0.00%, 0, 0, 2, 140.10, 116623, 344
593, 0, 312, 406, 177, 30, 0.00%, 0, 0, 2, 128.72, 117238, 344
598, 0, 312, 406, 177, 30, 0.00%, 0, 0, 2, 126.41, 117842, 344
603, 0, 315, 407, 177, 30, 0.00%, 0, 0, 2, 165.02, 118596, 345
609, 0, 315, 408, 178, 30, 0.00%, 0, 0, 2, 205.67, 119698, 346
614, 0, 315, 408, 178, 30, 0.00%, 0, 0, 2, 222.55, 120874, 346
619, 0, 315, 408, 178, 30, 0.00%, 0, 0, 2, 221.94, 122010, 346
624, 0, 315, 409, 179, 30, 0.00%, 0, 0, 2, 221.17, 123134, 348
629, 0, 315, 409, 179, 30, 0.00%, 0, 0, 2, 219.96, 124270, 348
634, 0, 315, 409, 179, 30, 0.00%, 0, 0, 2, 235.29, 125342, 348
639, 0, 315, 409, 179, 30, 0.00%, 0, 0, 2, 223.65, 126454, 348
645, 0, 315, 409, 179, 30, 0.00%, 0, 0, 2, 219.05, 127566, 348
650, 0, 315, 410, 180, 30, 0.00%, 0, 0, 2, 198.72, 128546, 349
655, 0, 315, 410, 180, 30, 0.00%, 0, 0, 2, 218.96, 129702, 349
660, 0, 315, 411, 181, 30, 0.00%, 0, 0, 2, 220.96, 130830, 350
665, 0, 315, 411, 181, 30, 0.00%, 0, 0, 2, 217.58, 131918, 350
670, 0, 315, 412, 182, 30, 0.00%, 0, 0, 2, 212.00, 132978, 350
675, 0, 315, 412, 182, 30, 0.00%, 0, 0, 2, 215.91, 134078, 350
680, 0, 315, 412, 182, 30, 0.00%, 0, 0, 2, 217.20, 135190, 350
685, 0, 315, 412, 182, 30, 0.00%, 0, 0, 2, 219.82, 136298, 350
690, 0, 315, 412, 182, 30, 0.00%, 0, 0, 2, 224.50, 137430, 350
695, 0, 315, 412, 182, 30, 0.00%, 0, 0, 2, 209.14, 138470, 350
700, 0, 315, 412, 182, 30, 0.00%, 0, 0, 2, 207.59, 139526, 350
705, 0, 315, 412, 182, 30, 0.00%, 0, 0, 2, 207.48, 140574, 350
711, 0, 315, 412, 182, 30, 0.00%, 0, 0, 2, 213.99, 141662, 350
716, 0, 315, 412, 182, 30, 0.00%, 0, 0, 2, 215.57, 142758, 350
721, 0, 315, 412, 182, 30, 0.00%, 0, 0, 2, 216.67, 143854, 350
726, 0, 315, 412, 182, 30, 0.00%, 0, 0, 2, 216.38, 144982, 350
731, 0, 315, 412, 182, 30, 0.00%, 0, 0, 2, 217.39, 146074, 350
736, 0, 315, 412, 182, 30, 0.00%, 0, 0, 2, 216.70, 147158, 350
741, 0, 315, 412, 182, 30, 0.00%, 0, 0, 2, 222.27, 148326, 350
746, 0, 315, 412, 182, 30, 0.00%, 0, 0, 2, 217.45, 149410, 350
751, 0, 315, 413, 183, 30, 0.00%, 0, 0, 2, 222.62, 150526, 351
756, 0, 335, 414, 183, 30, 0.00%, 0, 0, 2, 228.41, 151650, 351
761, 0, 335, 414, 183, 30, 0.00%, 0, 0, 2, 237.64, 152898, 351
766, 0, 335, 414, 183, 30, 0.00%, 0, 0, 2, 228.02, 154030, 351
772, 0, 335, 414, 183, 30, 0.00%, 0, 0, 2, 225.60, 155182, 351
777, 0, 335, 414, 183, 30, 0.00%, 0, 0, 2, 229.09, 156334, 351
782, 0, 335, 414, 183, 30, 0.00%, 0, 0, 2, 221.79, 157486, 351
787, 0, 335, 414, 183, 30, 0.00%, 0, 0, 2, 222.01, 158650, 351
792, 0, 335, 414, 183, 30, 0.00%, 0, 0, 2, 231.87, 159842, 351
797, 0, 335, 415, 184, 30, 0.00%, 0, 0, 2, 231.85, 161002, 352
802, 0, 335, 415, 184, 30, 0.00%, 0, 0, 2, 235.02, 162174, 352
807, 0, 335, 415, 184, 30, 0.00%, 0, 0, 2, 237.99, 163414, 352
813, 0, 335, 415, 184, 30, 0.00%, 0, 0, 2, 223.95, 164498, 352
818, 0, 335, 415, 184, 30, 0.00%, 0, 0, 2, 236.81, 165646, 352
823, 0, 335, 415, 184, 30, 0.00%, 0, 0, 2, 222.75, 166762, 352
828, 0, 335, 415, 184, 30, 0.00%, 0, 0, 2, 210.14, 167778, 352
833, 0, 335, 415, 184, 30, 0.00%, 0, 0, 2, 213.99, 168846, 352
838, 0, 335, 415, 184, 30, 0.00%, 0, 0, 2, 228.59, 170026, 352
843, 0, 335, 415, 184, 30, 0.00%, 0, 0, 2, 233.85, 171210, 352
848, 0, 335, 415, 184, 30, 0.00%, 0, 0, 2, 237.30, 172394, 352
853, 0, 335, 415, 184, 30, 0.00%, 0, 0, 2, 230.64, 173550, 352
858, 0, 335, 415, 184, 30, 0.00%, 0, 0, 2, 215.63, 174622, 352
864, 0, 335, 415, 184, 30, 0.00%, 0, 0, 2, 240.11, 175790, 352
869, 0, 335, 415, 184, 30, 0.00%, 0, 0, 2, 229.51, 176942, 352
874, 0, 335, 415, 184, 30, 0.00%, 0, 0, 2, 227.65, 178082, 352
879, 0, 335, 415, 184, 30, 0.00%, 0, 0, 2, 222.47, 179202, 352
884, 0, 335, 415, 184, 30, 0.00%, 0, 0, 2, 205.02, 180218, 352
889, 0, 335, 415, 184, 30, 0.00%, 0, 0, 2, 181.05, 181017, 352
894, 0, 335, 415, 184, 30, 0.00%, 0, 0, 2, 187.19, 182037, 352
899, 0, 335, 415, 184, 30, 0.00%, 0, 0, 2, 194.39, 182979, 352
904, 0, 348, 415, 183, 30, 0.00%, 0, 0, 2, 197.66, 183929, 352
910, 0, 348, 415, 183, 30, 0.00%, 0, 0, 2, 218.02, 185066, 352
915, 0, 348, 415, 183, 30, 0.00%, 0, 0, 2, 231.44, 186326, 352
920, 0, 348, 415, 183, 30, 0.00%, 0, 0, 2, 254.42, 187645, 352
925, 0, 348, 415, 183, 30, 0.00%, 0, 0, 2, 262.76, 188985, 352
930, 0, 348, 415, 183, 30, 0.00%, 0, 0, 2, 271.77, 190365, 352
935, 0, 348, 415, 183, 30, 0.00%, 0, 0, 2, 277.24, 191810, 352
940, 0, 348, 415, 183, 30, 0.00%, 0, 0, 2, 269.37, 193145, 352
945, 0, 348, 415, 183, 30, 0.00%, 0, 0, 2, 259.03, 194395, 352
950, 0, 348, 415, 183, 30, 0.00%, 0, 0, 2, 274.91, 195520, 352
956, 0, 348, 415, 183, 30, 0.00%, 0, 0, 2, 278.88, 196750, 352
961, 0, 348, 415, 183, 30, 0.00%, 0, 0, 2, 277.91, 198145, 352
966, 0, 348, 415, 183, 30, 0.00%, 0, 0, 2, 286.97, 199595, 352
971, 0, 348, 415, 183, 30, 0.00%, 0, 0, 2, 292.35, 201075, 352
976, 0, 348, 415, 183, 30, 0.00%, 0, 0, 2, 281.89, 202495, 352
981, 0, 348, 415, 183, 30, 0.00%, 0, 0, 2, 285.73, 203985, 352
986, 0, 348, 415, 183, 30, 0.00%, 0, 0, 2, 264.08, 205340, 352
991, 0, 348, 415, 183, 30, 0.00%, 0, 0, 2, 268.85, 206730, 352
996, 0, 348, 415, 183, 30, 0.00%, 0, 0, 2, 275.92, 208170, 352
1001, 0, 348, 415, 183, 30, 0.00%, 0, 0, 2, 272.49, 209540, 352
1007, 0, 348, 415, 183, 30, 0.00%, 0, 0, 2, 279.47, 210930, 352
1012, 0, 348, 415, 183, 30, 0.00%, 0, 0, 2, 275.97, 212280, 352
1017, 0, 348, 415, 183, 30, 0.00%, 0, 0, 2, 281.62, 213715, 352
1022, 0, 348, 415, 183, 30, 0.00%, 0, 0, 2, 266.65, 215040, 352
1027, 0, 348, 415, 183, 30, 0.00%, 0, 0, 2, 251.92, 216275, 352
1032, 0, 356, 415, 182, 30, 0.00%, 0, 0, 2, 264.24, 217618, 352
1037, 0, 356, 415, 182, 30, 0.00%, 0, 0, 2, 191.53, 218875, 352
1042, 0, 356, 415, 182, 30, 0.00%, 0, 0, 2, 257.94, 220228, 352
1047, 0, 356, 415, 182, 30, 0.00%, 0, 0, 2, 297.03, 221443, 352
1052, 0, 356, 415, 182, 30, 0.00%, 0, 0, 2, 270.44, 222768, 352
1057, 0, 356, 415, 182, 30, 0.00%, 0, 0, 2, 251.60, 224013, 352
1062, 0, 356, 415, 182, 30, 0.00%, 0, 0, 2, 260.08, 225273, 352
1068, 0, 356, 415, 182, 30, 0.00%, 0, 0, 2, 166.68, 226414, 352
1073, 0, 356, 415, 182, 30, 0.00%, 0, 0, 2, 260.15, 227593, 352
1078, 0, 356, 415, 182, 30, 0.00%, 0, 0, 2, 259.68, 228893, 352
1083, 0, 356, 415, 182, 30, 0.00%, 0, 0, 2, 276.58, 230283, 352
1088, 0, 356, 415, 182, 30, 0.00%, 0, 0, 2, 279.84, 231678, 352
1093, 0, 356, 415, 182, 30, 0.00%, 0, 0, 2, 279.55, 233123, 352
1098, 0, 356, 415, 182, 30, 0.00%, 0, 0, 2, 271.64, 234498, 352
1103, 0, 356, 415, 182, 30, 0.00%, 0, 0, 2, 257.25, 235838, 352
1108, 0, 356, 415, 182, 30, 0.00%, 0, 0, 2, 242.92, 236946, 352
1114, 0, 356, 415, 182, 30, 0.00%, 0, 0, 2, 263.45, 238298, 352
1119, 0, 356, 415, 182, 30, 0.00%, 0, 0, 2, 277.23, 239703, 352
1124, 0, 356, 415, 182, 30, 0.00%, 0, 0, 2, 280.87, 241118, 352
1129, 0, 356, 415, 182, 30, 0.00%, 0, 0, 2, 272.93, 242468, 352
1134, 0, 356, 415, 182, 30, 0.00%, 0, 0, 2, 276.85, 243893, 352
1139, 0, 356, 415, 182, 30, 0.00%, 0, 0, 2, 276.79, 245283, 352
1144, 0, 356, 415, 182, 30, 0.00%, 0, 0, 2, 262.16, 246578, 352
1149, 0, 356, 415, 182, 30, 0.00%, 0, 0, 2, 271.16, 247908, 352
1154, 0, 356, 415, 182, 30, 0.00%, 0, 0, 2, 247.61, 249148, 352
1159, 0, 363, 427, 193, 33, 0.00%, 0, 0, 2, 257.88, 250468, 363
1165, 0, 363, 427, 193, 33, 0.00%, 0, 0, 2, 257.75, 251808, 363
1170, 0, 363, 427, 193, 33, 0.00%, 0, 0, 2, 261.49, 253133, 363
1175, 0, 363, 427, 193, 33, 0.00%, 0, 0, 2, 258.65, 254443, 363
1180, 0, 363, 427, 193, 33, 0.00%, 0, 0, 2, 246.27, 255717, 363
1185, 0, 363, 427, 193, 33, 0.00%, 0, 0, 2, 264.50, 257113, 363
1190, 0, 363, 427, 193, 33, 0.00%, 0, 0, 2, 271.09, 258493, 363
1195, 0, 363, 427, 193, 33, 0.00%, 0, 0, 2, 286.09, 259958, 363
1200, 0, 363, 427, 193, 33, 0.00%, 0, 0, 2, 285.70, 261393, 363
1205, 0, 363, 427, 193, 33, 0.00%, 0, 0, 2, 278.03, 262833, 363
1210, 0, 363, 427, 193, 33, 0.00%, 0, 0, 2, 275.38, 264268, 363
1216, 0, 363, 427, 193, 33, 0.00%, 0, 0, 2, 273.93, 265688, 363
1221, 0, 363, 427, 193, 33, 0.00%, 0, 0, 2, 251.34, 266983, 363
1226, 0, 363, 427, 193, 33, 0.00%, 0, 0, 2, 223.74, 268005, 363
1231, 0, 363, 427, 193, 33, 0.00%, 0, 0, 2, 224.26, 269137, 363
1236, 0, 363, 427, 193, 33, 0.00%, 0, 0, 2, 225.99, 270293, 363
1242, 0, 363, 427, 193, 33, 0.00%, 0, 0, 2, 247.78, 271481, 363
1247, 0, 363, 427, 193, 33, 0.00%, 0, 0, 2, 267.43, 272838, 363
1252, 0, 363, 427, 193, 33, 0.00%, 0, 0, 2, 264.26, 274178, 363
1257, 0, 363, 427, 193, 33, 0.00%, 0, 0, 2, 257.83, 275393, 363
1262, 0, 363, 427, 193, 33, 0.00%, 0, 0, 2, 265.02, 276738, 363
1267, 0, 363, 427, 193, 33, 0.00%, 0, 0, 2, 269.48, 278078, 363
1272, 0, 363, 427, 193, 33, 0.00%, 0, 0, 2, 260.82, 279398, 363
1277, 0, 363, 427, 193, 33, 0.00%, 0, 0, 2, 262.50, 280723, 363
1282, 0, 363, 427, 193, 33, 0.00%, 0, 0, 2, 265.22, 282088, 363
1287, 0, 364, 427, 192, 32, 0.00%, 0, 0, 2, 254.87, 283366, 363
1292, 0, 364, 427, 192, 32, 0.00%, 0, 0, 2, 289.11, 284656, 363
1297, 0, 364, 427, 192, 32, 0.00%, 0, 0, 2, 282.90, 286071, 363
1302, 0, 364, 427, 192, 32, 0.00%, 0, 0, 2, 267.15, 287386, 363
1307, 0, 364, 427, 192, 32, 0.00%, 0, 0, 2, 272.75, 288747, 363
1312, 0, 364, 427, 192, 32, 0.00%, 0, 0, 2, 272.51, 290122, 363
1317, 0, 364, 427, 192, 32, 0.00%, 0, 0, 2, 274.46, 291502, 363
1323, 0, 364, 427, 192, 32, 0.00%, 0, 0, 2, 278.71, 292957, 363
1328, 0, 364, 427, 192, 32, 0.00%, 0, 0, 2, 277.66, 294342, 363
1333, 0, 364, 427, 192, 32, 0.00%, 0, 0, 2, 271.10, 295677, 363
1338, 0, 364, 427, 192, 32, 0.00%, 0, 0, 2, 267.07, 297002, 363
1343, 0, 364, 427, 192, 32, 0.00%, 0, 0, 2, 265.48, 298342, 363
1348, 0, 364, 427, 192, 32, 0.00%, 0, 0, 2, 255.52, 299612, 363
1353, 0, 364, 427, 192, 32, 0.00%, 0, 0, 2, 269.09, 300982, 363
1358, 0, 364, 427, 192, 32, 0.00%, 0, 0, 2, 271.44, 302397, 363
1363, 0, 364, 427, 192, 32, 0.00%, 0, 0, 2, 262.91, 303717, 363
1368, 0, 364, 427, 192, 32, 0.00%, 0, 0, 2, 262.40, 305017, 363
1373, 0, 364, 427, 192, 32, 0.00%, 0, 0, 2, 265.40, 306362, 363
1378, 0, 364, 427, 192, 32, 0.00%, 0, 0, 2, 265.46, 307707, 363
1383, 0, 364, 427, 192, 32, 0.00%, 0, 0, 2, 28.20, 308902, 363
1388, 0, 364, 427, 192, 32, 0.00%, 0, 0, 2, 258.80, 310152, 363
1393, 0, 364, 427, 192, 32, 0.00%, 0, 0, 2, 251.71, 311406, 363
1398, 0, 364, 427, 192, 32, 0.00%, 0, 0, 2, 255.92, 312692, 363
1404, 0, 364, 427, 192, 32, 0.00%, 0, 0, 2, 270.62, 314132, 363
1409, 0, 367, 427, 191, 31, 0.00%, 0, 0, 2, 293.15, 315625, 363
1414, 0, 367, 427, 191, 31, 0.00%, 0, 0, 2, 316.75, 317282, 363
1419, 0, 367, 427, 191, 31, 0.00%, 0, 0, 2, 324.69, 318968, 363
1424, 0, 367, 427, 191, 31, 0.00%, 0, 0, 2, 324.77, 320648, 363
1429, 0, 367, 427, 191, 31, 0.00%, 0, 0, 2, 323.96, 322316, 363
1434, 0, 373, 428, 191, 30, 0.00%, 0, 0, 2, 283.24, 323767, 364
1439, 0, 373, 428, 191, 30, 0.00%, 0, 0, 2, 264.63, 325052, 364
1444, 0, 373, 428, 191, 30, 0.00%, 0, 0, 2, 263.93, 326362, 364
1450, 0, 373, 428, 191, 30, 0.00%, 0, 0, 2, 260.49, 327727, 364
1455, 0, 373, 428, 191, 30, 0.00%, 0, 0, 2, 249.33, 329034, 364
1460, 0, 373, 428, 191, 30, 0.00%, 0, 0, 2, 251.59, 330347, 364
1465, 0, 373, 428, 191, 30, 0.00%, 0, 0, 2, 255.09, 331642, 364
1470, 0, 373, 428, 191, 30, 0.00%, 0, 0, 2, 223.99, 332774, 364
1475, 0, 373, 428, 191, 30, 0.00%, 0, 0, 2, 230.89, 333918, 364
1480, 0, 373, 428, 191, 30, 0.00%, 0, 0, 2, 221.61, 335006, 364
1486, 0, 373, 428, 191, 30, 0.00%, 0, 0, 2, 239.17, 336226, 364
1491, 0, 373, 428, 191, 30, 0.00%, 0, 0, 2, 253.38, 337417, 364
1496, 0, 373, 428, 191, 30, 0.00%, 0, 0, 2, 253.71, 338702, 364
1501, 0, 373, 428, 191, 30, 0.00%, 0, 0, 2, 256.94, 339937, 364
1506, 0, 373, 428, 191, 30, 0.00%, 0, 0, 2, 226.47, 341030, 364
1511, 0, 373, 428, 191, 30, 0.00%, 0, 0, 2, 228.91, 342194, 364
1516, 0, 373, 428, 191, 30, 0.00%, 0, 0, 2, 233.87, 343402, 364
1521, 0, 373, 428, 191, 30, 0.00%, 0, 0, 2, 236.05, 344558, 364
1526, 0, 373, 428, 191, 30, 0.00%, 0, 0, 2, 228.65, 345686, 364
1531, 0, 373, 428, 191, 30, 0.00%, 0, 0, 2, 236.01, 346874, 364
1536, 0, 373, 428, 191, 30, 0.00%, 0, 0, 2, 243.38, 348154, 364
1541, 0, 373, 428, 191, 30, 0.00%, 0, 0, 2, 252.91, 349422, 364
1546, 0, 373, 428, 191, 30, 0.00%, 0, 0, 2, 254.31, 350612, 364
1551, 0, 373, 428, 191, 30, 0.00%, 0, 0, 2, 249.88, 351787, 364
1557, 0, 373, 428, 191, 30, 0.00%, 0, 0, 2, 87.34, 352726, 364
1562, 0, 373, 428, 191, 30, 0.00%, 0, 0, 2, 194.11, 353856, 364
1567, 0, 373, 428, 191, 30, 0.00%, 0, 0, 2, 189.40, 354852, 364
1572, 0, 373, 428, 191, 30, 0.00%, 0, 0, 2, 173.44, 355701, 364
1577, 0, 374, 428, 190, 29, 0.00%, 0, 0, 2, 209.54, 356746, 364
1582, 0, 374, 428, 190, 29, 0.00%, 0, 0, 2, 229.59, 357974, 364
1587, 0, 374, 428, 190, 29, 0.00%, 0, 0, 2, 233.43, 358874, 364
1592, 0, 374, 428, 190, 29, 0.00%, 0, 0, 2, 218.17, 359870, 364
1598, 0, 374, 428, 190, 29, 0.00%, 0, 0, 2, 244.19, 361154, 364
1603, 0, 374, 428, 190, 29, 0.00%, 0, 0, 2, 243.80, 362378, 364
1608, 0, 374, 428, 190, 29, 0.00%, 0, 0, 2, 242.02, 363526, 364
1613, 0, 374, 428, 190, 29, 0.00%, 0, 0, 2, 243.34, 364626, 364
1618, 0, 374, 428, 190, 29, 0.00%, 0, 0, 2, 230.58, 365762, 364
1623, 0, 374, 428, 190, 29, 0.00%, 0, 0, 2, 218.45, 366861, 364
1628, 0, 374, 428, 190, 29, 0.00%, 0, 0, 2, 230.29, 368042, 364
1633, 0, 374, 428, 190, 29, 0.00%, 0, 0, 2, 238.44, 369250, 364
1638, 0, 374, 428, 190, 29, 0.00%, 0, 0, 2, 231.36, 370394, 364
1643, 0, 374, 428, 190, 29, 0.00%, 0, 0, 2, 239.77, 371602, 364
1648, 0, 374, 428, 190, 29, 0.00%, 0, 0, 2, 234.94, 372790, 364
1653, 0, 374, 428, 190, 29, 0.00%, 0, 0, 2, 237.37, 373950, 364
1658, 0, 374, 428, 190, 29, 0.00%, 0, 0, 2, 234.84, 375142, 364
1664, 0, 374, 428, 190, 29, 0.00%, 0, 0, 2, 248.12, 376430, 364
1669, 0, 374, 428, 190, 29, 0.00%, 0, 0, 2, 235.34, 377574, 364
1674, 0, 374, 428, 190, 29, 0.00%, 0, 0, 2, 238.12, 378814, 364
1679, 0, 374, 428, 190, 29, 0.00%, 0, 0, 2, 241.15, 380010, 364
1684, 0, 374, 428, 190, 29, 0.00%, 0, 0, 2, 239.61, 381202, 364
1689, 0, 374, 428, 190, 29, 0.00%, 0, 0, 2, 243.09, 382462, 364
1694, 0, 374, 428, 190, 29, 0.00%, 0, 0, 2, 250.30, 383726, 364
1699, 0, 374, 428, 190, 29, 0.00%, 0, 0, 2, 243.76, 384978, 364
1704, 0, 374, 428, 190, 29, 0.00%, 0, 0, 2, 239.37, 386182, 364
1710, 0, 374, 428, 190, 29, 0.00%, 0, 0, 2, 245.57, 387450, 364
1715, 0, 374, 428, 190, 29, 0.00%, 0, 0, 2, 241.95, 388706, 364
1720, 0, 376, 428, 189, 28, 0.00%, 0, 0, 2, 365.69, 390723, 364
1725, 0, 376, 428, 189, 28, 0.00%, 0, 0, 2, 389.90, 392711, 364
1730, 0, 376, 428, 189, 28, 0.00%, 0, 0, 2, 396.72, 394734, 364
1735, 0, 376, 428, 189, 28, 0.00%, 0, 0, 2, 397.03, 396750, 364
1740, 0, 379, 428, 188, 27, 0.00%, 0, 0, 2, 412.27, 398838, 364
1745, 0, 379, 428, 188, 27, 0.00%, 0, 0, 2, 417.95, 400934, 364
1750, 0, 379, 428, 188, 27, 0.00%, 0, 0, 2, 413.47, 403006, 364
1755, 0, 379, 428, 188, 27, 0.00%, 0, 0, 2, 423.41, 405150, 364
1760, 0, 380, 428, 187, 26, 0.00%, 0, 0, 2, 421.98, 407246, 364
1765, 0, 380, 428, 187, 26, 0.00%, 0, 0, 2, 437.32, 409454, 364
1770, 0, 380, 428, 187, 26, 0.00%, 0, 0, 2, 430.71, 411598, 364
1775, 0, 382, 428, 186, 25, 0.00%, 0, 0, 2, 422.79, 413734, 364
1781, 0, 382, 428, 186, 25, 0.00%, 0, 0, 2, 423.90, 415926, 364
1786, 0, 382, 428, 186, 25, 0.00%, 0, 0, 2, 428.67, 418070, 364
1791, 0, 382, 428, 186, 25, 0.00%, 0, 0, 2, 427.75, 420286, 364
1796, 0, 383, 435, 192, 24, 0.00%, 0, 0, 3, 418.42, 422406, 385
1801, 0, 383, 435, 192, 24, 0.00%, 0, 0, 3, 420.81, 424518, 385
1806, 0, 383, 435, 192, 24, 0.00%, 0, 0, 3, 425.15, 426726, 385
1811, 0, 383, 435, 192, 24, 0.00%, 0, 0, 3, 427.03, 428942, 385
1816, 0, 384, 435, 191, 30, 0.00%, 0, 0, 3, 426.20, 431094, 385
1821, 0, 384, 435, 191, 30, 0.00%, 0, 0, 3, 424.64, 433238, 385
1826, 0, 384, 435, 191, 30, 0.00%, 0, 0, 3, 418.31, 435350, 385
1831, 0, 384, 435, 191, 30, 0.00%, 0, 0, 3, 409.43, 437398, 385
1837, 0, 385, 435, 190, 29, 0.00%, 0, 0, 3, 268.87, 438736, 385
1842, 0, 385, 436, 191, 29, 0.00%, 0, 0, 3, 211.11, 439714, 385
1847, 0, 385, 436, 191, 29, 0.00%, 0, 0, 3, 194.19, 440648, 385
1852, 0, 385, 436, 191, 29, 0.00%, 0, 0, 3, 195.98, 441653, 385
1857, 0, 385, 436, 191, 29, 0.00%, 0, 0, 3, 201.42, 442662, 385
1862, 0, 385, 436, 191, 29, 0.00%, 0, 0, 3, 194.13, 443615, 385
1867, 0, 385, 436, 191, 29, 0.00%, 0, 0, 3, 186.91, 444512, 385
1872, 0, 385, 436, 191, 29, 0.00%, 0, 0, 3, 181.73, 445457, 385
1877, 0, 385, 436, 191, 29, 0.00%, 0, 0, 3, 174.40, 446342, 385
1882, 0, 385, 436, 191, 29, 0.00%, 0, 0, 3, 189.13, 447236, 385
1888, 0, 385, 436, 191, 29, 0.00%, 0, 0, 3, 194.53, 448247, 385
1893, 0, 385, 436, 191, 29, 0.00%, 0, 0, 3, 185.16, 449147, 385
1898, 0, 385, 436, 191, 29, 0.00%, 0, 0, 3, 185.06, 450068, 385
1903, 0, 385, 436, 191, 29, 0.00%, 0, 0, 3, 190.82, 451064, 385
1908, 0, 385, 436, 191, 29, 0.00%, 0, 0, 3, 187.58, 452018, 385
1913, 0, 385, 436, 191, 29, 0.00%, 0, 0, 3, 190.51, 453002, 385
1918, 0, 385, 436, 191, 29, 0.00%, 0, 0, 3, 185.40, 453926, 385
1923, 0, 385, 436, 191, 29, 0.00%, 0, 0, 3, 187.18, 454874, 385
1928, 0, 385, 436, 191, 29, 0.00%, 0, 0, 3, 187.37, 455810, 385
1933, 0, 385, 436, 191, 29, 0.00%, 0, 0, 3, 185.62, 456749, 385
1939, 0, 385, 436, 191, 29, 0.00%, 0, 0, 3, 195.37, 457748, 385
1944, 0, 385, 436, 191, 29, 0.00%, 0, 0, 3, 187.07, 458693, 385
1949, 0, 385, 436, 191, 29, 0.00%, 0, 0, 3, 182.30, 459546, 385
1954, 0, 385, 436, 191, 29, 0.00%, 0, 0, 3, 202.90, 460463, 385
1959, 0, 385, 436, 191, 29, 0.00%, 0, 0, 3, 198.35, 461433, 385
1964, 0, 385, 436, 191, 29, 0.00%, 0, 0, 3, 190.33, 462405, 385
1969, 0, 385, 436, 191, 29, 0.00%, 0, 0, 3, 193.19, 463392, 385
1974, 0, 385, 436, 191, 29, 0.00%, 0, 0, 3, 199.31, 464418, 385
1980, 0, 385, 436, 191, 29, 0.00%, 0, 0, 3, 190.80, 465417, 385
1985, 0, 385, 436, 191, 29, 0.00%, 0, 0, 3, 200.52, 466473, 385
1990, 0, 385, 436, 191, 29, 0.00%, 0, 0, 3, 196.92, 467439, 385
1995, 0, 385, 436, 191, 29, 0.00%, 0, 0, 3, 183.82, 468372, 385
2000, 0, 385, 436, 191, 29, 0.00%, 0, 0, 3, 182.87, 469329, 385
2005, 0, 385, 436, 191, 29, 0.00%, 0, 0, 3, 189.59, 470334, 385
2011, 0, 387, 437, 191, 28, 0.00%, 0, 0, 3, 202.77, 471395, 385
2016, 0, 387, 437, 191, 28, 0.00%, 0, 0, 3, 200.61, 472399, 385
2021, 0, 387, 437, 191, 28, 0.00%, 0, 0, 3, 195.30, 473401, 385
2026, 0, 387, 437, 191, 28, 0.00%, 0, 0, 3, 193.82, 474409, 385
2031, 0, 387, 437, 191, 28, 0.00%, 0, 0, 3, 198.09, 475459, 385
2036, 0, 387, 437, 191, 28, 0.00%, 0, 0, 3, 199.12, 476485, 385
2042, 0, 387, 437, 191, 28, 0.00%, 0, 0, 3, 196.30, 477499, 385
2047, 0, 387, 437, 191, 28, 0.00%, 0, 0, 3, 191.31, 478453, 385
2052, 0, 387, 437, 191, 28, 0.00%, 0, 0, 3, 192.52, 479449, 385
2057, 0, 387, 437, 191, 28, 0.00%, 0, 0, 3, 187.74, 480388, 385
2062, 0, 387, 437, 191, 28, 0.00%, 0, 0, 3, 200.62, 481438, 385
2067, 0, 387, 437, 191, 28, 0.00%, 0, 0, 3, 204.14, 482503, 385
2072, 0, 387, 437, 191, 28, 0.00%, 0, 0, 3, 199.70, 483496, 385
2077, 0, 387, 437, 191, 28, 0.00%, 0, 0, 3, 192.37, 484489, 385
2082, 0, 387, 437, 191, 28, 0.00%, 0, 0, 3, 179.19, 485320, 385
2088, 0, 387, 437, 191, 28, 0.00%, 0, 0, 3, 181.71, 486187, 385
2093, 0, 387, 437, 191, 28, 0.00%, 0, 0, 3, 191.39, 487156, 385
2098, 0, 387, 437, 191, 28, 0.00%, 0, 0, 3, 193.55, 488167, 385
2103, 0, 387, 437, 191, 28, 0.00%, 0, 0, 3, 191.35, 489115, 385
2108, 0, 387, 437, 191, 28, 0.00%, 0, 0, 3, 191.58, 490117, 385
2113, 0, 387, 437, 191, 28, 0.00%, 0, 0, 3, 190.10, 491065, 385
2118, 0, 387, 437, 191, 28, 0.00%, 0, 0, 3, 189.03, 492055, 385
2123, 0, 387, 437, 191, 28, 0.00%, 0, 0, 3, 190.90, 493048, 385
2128, 0, 387, 437, 191, 28, 0.00%, 0, 0, 3, 186.53, 494014, 385
2133, 0, 387, 437, 191, 28, 0.00%, 0, 0, 3, 193.45, 494987, 385
2139, 0, 387, 437, 191, 28, 0.00%, 0, 0, 3, 187.36, 495941, 385
2144, 0, 387, 437, 191, 28, 0.00%, 0, 0, 3, 195.05, 496922, 385
2149, 0, 387, 437, 191, 28, 0.00%, 0, 0, 3, 197.49, 497942, 385
2154, 0, 387, 437, 191, 28, 0.00%, 0, 0, 3, 192.88, 498956, 385
2159, 0, 387, 437, 191, 28, 0.00%, 0, 0, 3, 198.30, 499958, 385
2164, 0, 387, 437, 191, 28, 0.00%, 0, 0, 3, 195.21, 500939, 385
2169, 0, 387, 437, 191, 28, 0.00%, 0, 0, 3, 183.16, 501836, 385
2175, 0, 387, 437, 191, 28, 0.00%, 0, 0, 3, 185.37, 502802, 385
2180, 0, 389, 437, 190, 28, 0.00%, 0, 0, 3, 179.95, 503698, 385
2185, 0, 389, 437, 190, 28, 0.00%, 0, 0, 3, 193.91, 504712, 385
2190, 0, 389, 437, 190, 28, 0.00%, 0, 0, 3, 195.57, 505735, 385
2195, 0, 389, 437, 190, 28, 0.00%, 0, 0, 3, 193.80, 506704, 385
2200, 0, 389, 437, 190, 28, 0.00%, 0, 0, 3, 202.19, 507620, 385
2205, 0, 389, 437, 190, 28, 0.00%, 0, 0, 3, 198.50, 508645, 385
2211, 0, 389, 437, 190, 28, 0.00%, 0, 0, 3, 194.42, 509665, 385
2216, 0, 389, 437, 190, 28, 0.00%, 0, 0, 3, 191.86, 510649, 385
2221, 0, 389, 437, 190, 28, 0.00%, 0, 0, 3, 185.90, 511615, 385
2226, 0, 389, 437, 190, 28, 0.00%, 0, 0, 3, 185.69, 512548, 385
2231, 0, 389, 437, 190, 28, 0.00%, 0, 0, 3, 189.53, 513532, 385
2236, 0, 389, 437, 190, 28, 0.00%, 0, 0, 3, 192.47, 514534, 385
2242, 0, 389, 437, 190, 28, 0.00%, 0, 0, 3, 192.36, 515524, 385
2247, 0, 389, 437, 190, 28, 0.00%, 0, 0, 3, 184.71, 516451, 385
2252, 0, 389, 437, 190, 28, 0.00%, 0, 0, 3, 187.90, 517426, 385
2257, 0, 389, 437, 190, 28, 0.00%, 0, 0, 3, 193.89, 518437, 385
2262, 0, 389, 437, 190, 28, 0.00%, 0, 0, 3, 197.42, 519463, 385
2267, 0, 389, 437, 190, 28, 0.00%, 0, 0, 3, 188.80, 520417, 385
2272, 0, 389, 437, 190, 28, 0.00%, 0, 0, 3, 184.18, 521329, 385
2277, 0, 389, 437, 190, 28, 0.00%, 0, 0, 3, 191.21, 522214, 385
2282, 0, 389, 437, 190, 28, 0.00%, 0, 0, 3, 196.91, 523240, 385
2288, 0, 389, 437, 190, 28, 0.00%, 0, 0, 3, 195.98, 524257, 385
2293, 0, 389, 437, 190, 28, 0.00%, 0, 0, 3, 199.64, 525259, 385
2298, 0, 389, 437, 190, 28, 0.00%, 0, 0, 3, 194.52, 526225, 385
2303, 0, 389, 437, 190, 28, 0.00%, 0, 0, 3, 190.06, 527200, 385
2308, 0, 389, 437, 190, 28, 0.00%, 0, 0, 3, 198.02, 528235, 385
2313, 0, 389, 437, 190, 28, 0.00%, 0, 0, 3, 200.52, 529120, 385
2318, 0, 389, 437, 190, 28, 0.00%, 0, 0, 3, 183.53, 529978, 385
2324, 0, 389, 437, 190, 28, 0.00%, 0, 0, 3, 195.83, 530917, 385
2329, 0, 389, 437, 190, 28, 0.00%, 0, 0, 3, 193.12, 531880, 385
2334, 0, 389, 438, 191, 28, 0.00%, 0, 0, 3, 199.54, 532878, 385
2339, 0, 389, 438, 191, 28, 0.00%, 0, 0, 3, 193.47, 533883, 385
2344, 0, 389, 438, 191, 28, 0.00%, 0, 0, 3, 197.73, 534900, 385
2349, 0, 389, 438, 191, 28, 0.00%, 0, 0, 3, 195.07, 535902, 385
2354, 0, 390, 446, 198, 32, 0.00%, 0, 0, 3, 193.64, 536868, 385
2359, 0, 390, 446, 198, 32, 0.00%, 0, 0, 3, 195.63, 537882, 385
2365, 0, 390, 446, 198, 32, 0.00%, 0, 0, 3, 196.91, 538884, 385
2370, 0, 390, 446, 198, 32, 0.00%, 0, 0, 3, 202.25, 539895, 385
2375, 0, 390, 446, 198, 32, 0.00%, 0, 0, 3, 198.65, 540919, 385
2380, 0, 390, 446, 198, 32, 0.00%, 0, 0, 3, 189.10, 541875, 385
2385, 0, 390, 446, 198, 32, 0.00%, 0, 0, 3, 183.63, 542736, 385
2390, 0, 390, 446, 198, 32, 0.00%, 0, 0, 3, 194.57, 543744, 385
2395, 0, 390, 446, 198, 32, 0.00%, 0, 0, 3, 188.62, 544683, 385
2400, 0, 390, 446, 198, 32, 0.00%, 0, 0, 3, 179.20, 545592, 385
2405, 0, 390, 446, 198, 32, 0.00%, 0, 0, 3, 190.68, 546561, 385
2410, 0, 390, 446, 198, 32, 0.00%, 0, 0, 3, 193.51, 547575, 385
2415, 0, 390, 446, 198, 32, 0.00%, 0, 0, 3, 186.01, 548508, 385
2421, 0, 390, 446, 198, 32, 0.00%, 0, 0, 3, 185.65, 549498, 385
2426, 0, 390, 446, 198, 32, 0.00%, 0, 0, 3, 186.77, 550407, 385
2431, 0, 390, 446, 198, 32, 0.00%, 0, 0, 3, 180.64, 551313, 385
2436, 0, 390, 446, 198, 32, 0.00%, 0, 0, 3, 189.29, 552270, 385
2441, 0, 390, 446, 198, 32, 0.00%, 0, 0, 3, 193.68, 553269, 385
2446, 0, 390, 446, 198, 32, 0.00%, 0, 0, 3, 192.38, 554277, 385
2451, 0, 390, 446, 198, 32, 0.00%, 0, 0, 3, 195.37, 555111, 385
2456, 0, 390, 446, 198, 32, 0.00%, 0, 0, 3, 190.23, 556014, 385
2462, 0, 390, 446, 198, 32, 0.00%, 0, 0, 3, 183.06, 556915, 385
2467, 0, 390, 447, 199, 32, 0.00%, 0, 0, 3, 191.02, 557703, 387
2472, 0, 390, 447, 199, 32, 0.00%, 0, 0, 3, 183.26, 558582, 387
2477, 0, 390, 447, 199, 32, 0.00%, 0, 0, 3, 192.25, 559587, 387
2482, 0, 390, 447, 199, 32, 0.00%, 0, 0, 3, 195.30, 560574, 387
2487, 0, 390, 447, 199, 32, 0.00%, 0, 0, 3, 191.89, 561543, 387
2492, 0, 390, 447, 199, 32, 0.00%, 0, 0, 3, 198.43, 562539, 387
2497, 0, 390, 447, 199, 32, 0.00%, 0, 0, 3, 192.48, 563418, 387
2502, 0, 390, 447, 199, 32, 0.00%, 0, 0, 3, 195.60, 564423, 387
2507, 0, 390, 447, 199, 32, 0.00%, 0, 0, 3, 196.41, 565443, 387
2513, 0, 390, 447, 199, 32, 0.00%, 0, 0, 3, 199.26, 566478, 387
2518, 0, 390, 447, 199, 32, 0.00%, 0, 0, 3, 193.01, 567297, 387
2523, 0, 390, 447, 199, 32, 0.00%, 0, 0, 3, 188.34, 568224, 387
2528, 0, 390, 447, 199, 32, 0.00%, 0, 0, 3, 188.74, 569214, 387
2533, 0, 396, 447, 198, 33, 0.00%, 0, 0, 3, 173.89, 570095, 387
2538, 0, 396, 447, 198, 33, 0.00%, 0, 0, 3, 189.07, 571097, 387
2543, 0, 396, 448, 199, 33, 0.00%, 0, 0, 3, 198.46, 572080, 387
2548, 0, 396, 448, 199, 33, 0.00%, 0, 0, 3, 199.36, 573109, 387
2554, 0, 396, 448, 199, 33, 0.00%, 0, 0, 3, 208.96, 574093, 387
2559, 0, 396, 448, 199, 33, 0.00%, 0, 0, 3, 199.86, 575104, 387
2564, 0, 396, 448, 199, 33, 0.00%, 0, 0, 3, 198.53, 576124, 387
2569, 0, 396, 448, 199, 33, 0.00%, 0, 0, 3, 193.76, 577123, 387
2574, 0, 396, 448, 199, 33, 0.00%, 0, 0, 3, 182.02, 578020, 387
2579, 0, 396, 448, 199, 33, 0.00%, 0, 0, 3, 179.62, 578914, 387
2584, 0, 396, 448, 199, 33, 0.00%, 0, 0, 3, 164.64, 579643, 387
2589, 0, 396, 448, 199, 33, 0.00%, 0, 0, 3, 184.00, 580504, 387
2594, 0, 396, 448, 199, 33, 0.00%, 0, 0, 3, 173.08, 581305, 387
2600, 0, 396, 448, 199, 33, 0.00%, 0, 0, 3, 190.70, 582277, 387
2605, 0, 396, 448, 199, 33, 0.00%, 0, 0, 3, 179.15, 583099, 387
2610, 0, 396, 448, 199, 33, 0.00%, 0, 0, 3, 186.37, 584011, 387
2615, 0, 396, 448, 199, 33, 0.00%, 0, 0, 3, 190.67, 584866, 387
2620, 0, 396, 448, 199, 33, 0.00%, 0, 0, 3, 203.71, 585892, 387
2625, 0, 396, 449, 200, 33, 0.00%, 0, 0, 3, 191.91, 586827, 388
2630, 0, 396, 449, 200, 33, 0.00%, 0, 0, 3, 188.86, 587763, 388
2635, 0, 396, 449, 200, 33, 0.00%, 0, 0, 3, 178.93, 588600, 388
2640, 0, 396, 449, 200, 33, 0.00%, 0, 0, 3, 175.83, 589494, 388
2645, 0, 396, 449, 200, 33, 0.00%, 0, 0, 3, 184.31, 590376, 388
2650, 0, 396, 449, 200, 33, 0.00%, 0, 0, 3, 193.33, 591393, 388
2656, 0, 396, 449, 200, 33, 0.00%, 0, 0, 3, 190.62, 592386, 388
2661, 0, 396, 449, 200, 33, 0.00%, 0, 0, 3, 184.68, 593307, 388
2666, 0, 396, 449, 200, 33, 0.00%, 0, 0, 3, 201.47, 594160, 388
2671, 0, 396, 449, 200, 33, 0.00%, 0, 0, 3, 203.56, 595200, 388
2676, 0, 396, 449, 200, 33, 0.00%, 0, 0, 3, 195.11, 596190, 388
2681, 0, 396, 449, 200, 33, 0.00%, 0, 0, 3, 190.10, 597126, 388
2686, 0, 396, 449, 200, 33, 0.00%, 0, 0, 3, 205.13, 598080, 388
2691, 0, 396, 449, 200, 33, 0.00%, 0, 0, 3, 191.02, 599073, 388
2696, 0, 396, 449, 200, 33, 0.00%, 0, 0, 3, 181.46, 599916, 388
2701, 0, 396, 449, 200, 33, 0.00%, 0, 0, 3, 192.07, 600900, 388
2707, 0, 396, 449, 200, 33, 0.00%, 0, 0, 3, 202.11, 601808, 388
2712, 0, 397, 449, 199, 32, 0.00%, 0, 0, 3, 186.16, 602735, 388
2717, 0, 397, 449, 199, 32, 0.00%, 0, 0, 3, 179.24, 603566, 388
2722, 0, 397, 449, 199, 32, 0.00%, 0, 0, 3, 205.15, 604552, 388
2727, 0, 397, 449, 199, 32, 0.00%, 0, 0, 3, 195.39, 605540, 388
2732, 0, 397, 449, 199, 32, 0.00%, 0, 0, 3, 185.51, 606473, 388
2737, 0, 397, 449, 199, 32, 0.00%, 0, 0, 3, 168.07, 607271, 388
2742, 0, 397, 449, 199, 32, 0.00%, 0, 0, 3, 175.12, 608159, 388
2747, 0, 397, 449, 199, 32, 0.00%, 0, 0, 3, 209.65, 609060, 388
2752, 0, 397, 449, 199, 32, 0.00%, 0, 0, 3, 158.94, 609962, 388
2757, 0, 397, 449, 199, 32, 0.00%, 0, 0, 3, 166.97, 610760, 388
2762, 0, 397, 449, 199, 32, 0.00%, 0, 0, 3, 194.92, 611786, 388
2767, 0, 397, 449, 199, 32, 0.00%, 0, 0, 3, 203.81, 612836, 388
2772, 0, 397, 449, 199, 32, 0.00%, 0, 0, 3, 200.96, 613850, 388
2778, 0, 397, 449, 199, 32, 0.00%, 0, 0, 3, 21.05, 614820, 388
2783, 0, 397, 449, 199, 32, 0.00%, 0, 0, 3, 201.21, 615848, 388
2788, 0, 397, 449, 199, 32, 0.00%, 0, 0, 3, 208.42, 616880, 388
2793, 0, 397, 449, 199, 32, 0.00%, 0, 0, 3, 208.68, 617932, 388
2798, 0, 397, 449, 199, 32, 0.00%, 0, 0, 3, 196.95, 618923, 388
2803, 0, 397, 449, 199, 32, 0.00%, 0, 0, 3, 196.37, 619944, 388
2808, 0, 397, 449, 199, 32, 0.00%, 0, 0, 3, 168.54, 620681, 388
2813, 0, 397, 449, 199, 32, 0.00%, 0, 0, 3, 168.40, 621509, 388
2818, 0, 397, 449, 199, 32, 0.00%, 0, 0, 3, 159.06, 622268, 388
2823, 0, 397, 449, 199, 32, 0.00%, 0, 0, 3, 155.85, 623036, 388
2828, 0, 397, 449, 199, 32, 0.00%, 0, 0, 3, 153.39, 623738, 388
2834, 0, 397, 449, 199, 32, 0.00%, 0, 0, 3, 147.32, 624478, 388
2839, 0, 397, 449, 199, 32, 0.00%, 0, 0, 3, 146.23, 625226, 388
2844, 0, 397, 449, 199, 32, 0.00%, 0, 0, 3, 160.19, 625973, 388
2849, 0, 397, 449, 199, 32, 0.00%, 0, 0, 3, 177.66, 626873, 388
2854, 0, 397, 449, 199, 32, 0.00%, 0, 0, 3, 178.86, 627683, 388
2859, 0, 397, 449, 199, 32, 0.00%, 0, 0, 3, 192.27, 628667, 388
2864, 0, 397, 449, 199, 32, 0.00%, 0, 0, 3, 192.57, 629603, 388
2869, 0, 397, 449, 199, 32, 0.00%, 0, 0, 3, 193.39, 630569, 388
2874, 0, 397, 449, 199, 32, 0.00%, 0, 0, 3, 201.92, 631584, 388
2879, 0, 397, 449, 199, 32, 0.00%, 0, 0, 3, 200.79, 632596, 388
2885, 0, 397, 449, 199, 32, 0.00%, 0, 0, 3, 213.99, 633524, 388
2890, 0, 397, 449, 199, 32, 0.00%, 0, 0, 3, 204.96, 634504, 388
2895, 0, 398, 449, 198, 31, 0.00%, 0, 0, 3, 208.77, 635572, 388
2900, 0, 398, 449, 198, 31, 0.00%, 0, 0, 3, 213.14, 636632, 388
2905, 0, 398, 449, 198, 31, 0.00%, 0, 0, 3, 202.37, 637627, 388
2910, 0, 398, 450, 199, 31, 0.00%, 0, 0, 3, 195.64, 638613, 389
2915, 0, 398, 450, 199, 31, 0.00%, 0, 0, 3, 194.88, 639600, 389
2920, 0, 398, 450, 199, 31, 0.00%, 0, 0, 3, 197.94, 640590, 389
2925, 0, 398, 450, 199, 31, 0.00%, 0, 0, 3, 201.84, 641616, 389
2930, 0, 398, 450, 199, 31, 0.00%, 0, 0, 3, 204.75, 642664, 389
2935, 0, 398, 450, 199, 31, 0.00%, 0, 0, 3, 193.60, 643638, 389
2940, 0, 398, 450, 199, 31, 0.00%, 0, 0, 3, 202.41, 644588, 389
2946, 0, 398, 450, 199, 31, 0.00%, 0, 0, 3, 203.31, 645616, 389
2951, 0, 398, 450, 199, 31, 0.00%, 0, 0, 3, 210.95, 646688, 389
2956, 0, 398, 450, 199, 31, 0.00%, 0, 0, 3, 206.54, 647756, 389
2961, 0, 398, 450, 199, 31, 0.00%, 0, 0, 3, 197.94, 648747, 389
2966, 0, 398, 450, 199, 31, 0.00%, 0, 0, 3, 80.03, 649746, 389
2971, 0, 398, 450, 199, 31, 0.00%, 0, 0, 3, 183.13, 650796, 389
2976, 0, 398, 450, 199, 31, 0.00%, 0, 0, 3, 209.99, 651888, 389
2981, 0, 398, 450, 199, 31, 0.00%, 0, 0, 3, 203.80, 652932, 389
2986, 0, 398, 450, 199, 31, 0.00%, 0, 0, 3, 202.98, 653956, 389
2991, 0, 398, 450, 199, 31, 0.00%, 0, 0, 3, 210.74, 655024, 389
2996, 0, 398, 450, 199, 31, 0.00%, 0, 0, 3, 219.67, 656160, 389
3001, 0, 398, 450, 199, 31, 0.00%, 0, 0, 3, 214.45, 657248, 389
3006, 0, 398, 450, 199, 31, 0.00%, 0, 0, 3, 212.08, 658320, 389
3012, 0, 398, 450, 199, 31, 0.00%, 0, 0, 3, 205.82, 659344, 389
3017, 0, 398, 450, 199, 31, 0.00%, 0, 0, 3, 214.61, 660444, 389
3022, 0, 398, 450, 199, 31, 0.00%, 0, 0, 3, 216.77, 661524, 389
3027, 0, 398, 450, 199, 31, 0.00%, 0, 0, 3, 218.75, 662508, 389
3032, 0, 398, 450, 199, 31, 0.00%, 0, 0, 3, 210.02, 663552, 389
3037, 0, 398, 450, 199, 31, 0.00%, 0, 0, 3, 213.23, 664652, 389
3042, 0, 398, 450, 199, 31, 0.00%, 0, 0, 3, 209.71, 665708, 389
3047, 0, 398, 450, 199, 31, 0.00%, 0, 0, 3, 202.77, 666716, 389
3052, 0, 399, 450, 198, 30, 0.00%, 0, 0, 3, 215.37, 667740, 389
3057, 0, 399, 450, 198, 30, 0.00%, 0, 0, 3, 209.37, 668804, 389
3062, 0, 399, 450, 198, 30, 0.00%, 0, 0, 3, 212.79, 669868, 389
3067, 0, 399, 450, 198, 30, 0.00%, 0, 0, 3, 213.89, 670960, 389
3072, 0, 399, 450, 198, 30, 0.00%, 0, 0, 3, 214.29, 672028, 389
3077, 0, 399, 450, 198, 30, 0.00%, 0, 0, 3, 208.23, 673076, 389
3082, 0, 399, 450, 198, 30, 0.00%, 0, 0, 3, 210.79, 674152, 389
3087, 0, 399, 450, 198, 30, 0.00%, 0, 0, 3, 211.87, 675224, 389
3092, 0, 399, 450, 198, 30, 0.00%, 0, 0, 3, 212.21, 676300, 389
3098, 0, 399, 450, 198, 30, 0.00%, 0, 0, 3, 206.62, 677364, 389
3103, 0, 399, 450, 198, 30, 0.00%, 0, 0, 3, 198.44, 678326, 389
3108, 0, 399, 450, 198, 30, 0.00%, 0, 0, 3, 205.94, 679388, 389
3113, 0, 399, 450, 198, 30, 0.00%, 0, 0, 3, 211.76, 680476, 389
3118, 0, 399, 450, 198, 30, 0.00%, 0, 0, 3, 216.64, 681568, 389
3123, 0, 399, 450, 198, 30, 0.00%, 0, 0, 3, 212.74, 682644, 389
3128, 0, 399, 450, 198, 30, 0.00%, 0, 0, 3, 206.66, 683684, 389
3133, 0, 399, 450, 198, 30, 0.00%, 0, 0, 3, 193.42, 684638, 389
3138, 0, 399, 450, 198, 30, 0.00%, 0, 0, 3, 202.34, 685652, 389
3143, 0, 399, 450, 198, 30, 0.00%, 0, 0, 3, 215.17, 686736, 389
3148, 0, 399, 450, 198, 30, 0.00%, 0, 0, 3, 218.50, 687872, 389
3153, 0, 399, 450, 198, 30, 0.00%, 0, 0, 3, 221.88, 688992, 389
3158, 0, 399, 450, 198, 30, 0.00%, 0, 0, 3, 207.56, 689992, 389
3163, 0, 399, 450, 198, 30, 0.00%, 0, 0, 3, 208.99, 691044, 389
3169, 0, 399, 450, 198, 30, 0.00%, 0, 0, 3, 204.48, 692060, 389
3174, 0, 399, 450, 198, 30, 0.00%, 0, 0, 3, 204.19, 693084, 389
3179, 0, 399, 450, 198, 30, 0.00%, 0, 0, 3, 216.86, 694228, 389
3184, 0, 399, 450, 198, 30, 0.00%, 0, 0, 3, 211.33, 695292, 389
3189, 0, 399, 450, 198, 30, 0.00%, 0, 0, 3, 202.93, 696316, 389
3194, 0, 399, 450, 198, 30, 0.00%, 0, 0, 3, 210.75, 697404, 389
3199, 0, 399, 450, 198, 30, 0.00%, 0, 0, 3, 208.90, 698416, 389
3204, 0, 399, 450, 198, 30, 0.00%, 0, 0, 3, 212.79, 699488, 389
3209, 0, 406, 450, 197, 29, 0.00%, 0, 0, 3, 201.65, 700488, 389
3214, 0, 406, 450, 197, 29, 0.00%, 0, 0, 3, 197.93, 701479, 389
3219, 0, 406, 450, 197, 29, 0.00%, 0, 0, 3, 197.41, 702463, 389
3225, 0, 406, 450, 197, 29, 0.00%, 0, 0, 3, 185.94, 703447, 389
3230, 0, 406, 450, 197, 29, 0.00%, 0, 0, 3, 167.09, 704245, 389
3235, 0, 406, 450, 197, 29, 0.00%, 0, 0, 3, 162.76, 705055, 389
3240, 0, 406, 450, 197, 29, 0.00%, 0, 0, 3, 141.50, 705824, 389
3245, 0, 406, 450, 197, 29, 0.00%, 0, 0, 3, 160.61, 706672, 389
3250, 0, 406, 450, 197, 29, 0.00%, 0, 0, 3, 158.59, 707473, 389
3255, 0, 406, 450, 197, 29, 0.00%, 0, 0, 3, 157.41, 708268, 389
3260, 0, 406, 450, 197, 29, 0.00%, 0, 0, 3, 154.46, 709069, 389
3266, 0, 406, 450, 197, 29, 0.00%, 0, 0, 3, 176.76, 709975, 389
3271, 0, 406, 450, 197, 29, 0.00%, 0, 0, 3, 202.67, 711024, 389
3276, 0, 406, 450, 197, 29, 0.00%, 0, 0, 3, 198.62, 712036, 389
3281, 0, 406, 450, 197, 29, 0.00%, 0, 0, 3, 191.45, 712984, 389
3286, 0, 406, 450, 197, 29, 0.00%, 0, 0, 3, 188.72, 713968, 389
3291, 0, 406, 450, 197, 29, 0.00%, 0, 0, 3, 204.95, 715052, 389
3296, 0, 406, 450, 197, 29, 0.00%, 0, 0, 3, 202.61, 716084, 389
3301, 0, 406, 450, 197, 29, 0.00%, 0, 0, 3, 185.02, 717001, 389
3306, 0, 406, 450, 197, 29, 0.00%, 0, 0, 3, 195.73, 717997, 389
3311, 0, 406, 450, 197, 29, 0.00%, 0, 0, 3, 201.88, 719016, 389
3317, 0, 406, 450, 197, 29, 0.00%, 0, 0, 3, 205.57, 720096, 389
3322, 0, 406, 450, 197, 29, 0.00%, 0, 0, 3, 208.05, 721144, 389
3327, 0, 406, 450, 197, 29, 0.00%, 0, 0, 3, 200.59, 722160, 389
3332, 0, 406, 450, 197, 29, 0.00%, 0, 0, 3, 200.77, 723172, 389
3337, 0, 406, 450, 197, 29, 0.00%, 0, 0, 3, 204.80, 724208, 389
3342, 0, 406, 450, 197, 29, 0.00%, 0, 0, 3, 208.45, 725256, 389
3347, 0, 406, 450, 197, 29, 0.00%, 0, 0, 3, 210.01, 726324, 389
3352, 0, 406, 450, 197, 29, 0.00%, 0, 0, 3, 206.76, 727344, 389
3357, 0, 406, 450, 197, 29, 0.00%, 0, 0, 3, 208.14, 728252, 389
3362, 0, 406, 450, 197, 29, 0.00%, 0, 0, 3, 203.99, 729276, 389
3367, 0, 406, 450, 197, 29, 0.00%, 0, 0, 3, 203.05, 730340, 389
3372, 0, 406, 450, 197, 29, 0.00%, 0, 0, 3, 205.62, 731396, 389
3377, 0, 406, 450, 197, 29, 0.00%, 0, 0, 3, 205.37, 732420, 389
3382, 0, 407, 450, 196, 28, 0.00%, 0, 0, 3, 207.28, 733452, 389
3388, 0, 407, 451, 197, 28, 0.00%, 0, 0, 3, 211.02, 734540, 389
3393, 0, 407, 451, 197, 28, 0.00%, 0, 0, 3, 206.90, 735580, 389
3398, 0, 407, 451, 197, 28, 0.00%, 0, 0, 3, 207.56, 736624, 389
3403, 0, 407, 451, 197, 28, 0.00%, 0, 0, 3, 209.02, 737672, 389
3408, 0, 407, 451, 197, 28, 0.00%, 0, 0, 3, 200.16, 738665, 389
3413, 0, 407, 451, 197, 28, 0.00%, 0, 0, 3, 200.16, 739672, 389
3418, 0, 407, 451, 197, 28, 0.00%, 0, 0, 3, 205.14, 740720, 389
3423, 0, 407, 451, 197, 28, 0.00%, 0, 0, 3, 201.13, 741724, 389
3428, 0, 407, 451, 197, 28, 0.00%, 0, 0, 3, 195.91, 742706, 389
3433, 0, 407, 451, 197, 28, 0.00%, 0, 0, 3, 182.89, 743615, 389
3438, 0, 407, 451, 197, 28, 0.00%, 0, 0, 3, 197.61, 744626, 389
3443, 0, 407, 451, 197, 28, 0.00%, 0, 0, 3, 195.74, 745646, 389
3448, 0, 407, 451, 197, 28, 0.00%, 0, 0, 3, 193.90, 746630, 389
3454, 0, 407, 451, 197, 28, 0.00%, 0, 0, 3, 201.64, 747660, 389
3459, 0, 407, 451, 197, 28, 0.00%, 0, 0, 3, 203.83, 748668, 389
3464, 0, 407, 451, 197, 28, 0.00%, 0, 0, 3, 207.07, 749716, 389
3469, 0, 407, 451, 197, 28, 0.00%, 0, 0, 3, 201.56, 750724, 389
3474, 0, 407, 451, 197, 28, 0.00%, 0, 0, 3, 199.22, 751709, 389
3479, 0, 407, 451, 197, 28, 0.00%, 0, 0, 3, 191.14, 752660, 389
3484, 0, 407, 451, 197, 28, 0.00%, 0, 0, 3, 207.20, 753740, 389
3489, 0, 407, 451, 197, 28, 0.00%, 0, 0, 3, 206.92, 754796, 389
3494, 0, 407, 451, 197, 28, 0.00%, 0, 0, 3, 194.30, 755744, 389
3499, 0, 407, 451, 197, 28, 0.00%, 0, 0, 3, 198.34, 756704, 389
3504, 0, 407, 451, 197, 28, 0.00%, 0, 0, 3, 204.43, 757732, 389
3509, 0, 407, 451, 197, 28, 0.00%, 0, 0, 3, 200.49, 758720, 389
3514, 0, 407, 451, 197, 28, 0.00%, 0, 0, 3, 210.31, 759840, 389
3520, 0, 407, 451, 197, 28, 0.00%, 0, 0, 3, 204.06, 760852, 389
3525, 0, 407, 451, 197, 28, 0.00%, 0, 0, 3, 199.75, 761856, 389
3530, 0, 407, 451, 197, 28, 0.00%, 0, 0, 3, 200.95, 762908, 389
3535, 0, 407, 451, 197, 28, 0.00%, 0, 0, 3, 199.11, 763919, 389
3540, 0, 407, 451, 197, 28, 0.00%, 0, 0, 3, 184.04, 764795, 389
3545, 0, 407, 451, 197, 28, 0.00%, 0, 0, 3, 197.36, 765864, 389
3550, 0, 410, 460, 205, 30, 0.00%, 0, 0, 3, 36.06, 766805, 390
3555, 0, 410, 460, 205, 30, 0.00%, 0, 0, 3, 204.69, 767829, 390
3560, 0, 410, 460, 205, 30, 0.00%, 0, 0, 3, 194.09, 768800, 390
3565, 0, 410, 460, 205, 30, 0.00%, 0, 0, 3, 199.84, 769801, 390
3571, 0, 410, 460, 205, 30, 0.00%, 0, 0, 3, 206.63, 770893, 390
3576, 0, 410, 460, 205, 30, 0.00%, 0, 0, 3, 187.84, 771818, 390
3581, 0, 410, 460, 205, 30, 0.00%, 0, 0, 3, 169.40, 772571, 390
3586, 0, 410, 460, 205, 30, 0.00%, 0, 0, 3, 25.57, 773459, 390
3591, 0, 410, 460, 205, 30, 0.00%, 0, 0, 3, 184.78, 774392, 390
3596, 0, 410, 460, 205, 30, 0.00%, 0, 0, 3, 191.63, 775331, 390
3601, 0, 410, 460, 205, 30, 0.00%, 0, 0, 3, 190.94, 776291, 390
3607, 0, 410, 460, 205, 30, 0.00%, 0, 0, 3, 197.18, 777323, 390
3612, 0, 410, 460, 205, 30, 0.00%, 0, 0, 3, 198.32, 778370, 390
3617, 0, 410, 460, 205, 30, 0.00%, 0, 0, 3, 193.12, 779333, 390
3622, 0, 410, 460, 205, 30, 0.00%, 0, 0, 3, 195.87, 780338, 390
3627, 0, 410, 460, 205, 30, 0.00%, 0, 0, 3, 202.64, 781381, 390
3632, 0, 410, 460, 205, 30, 0.00%, 0, 0, 3, 201.16, 782393, 390
3633, 0, 411, 460, 205, 30, 0.00%, 0, 0, 3, 200.02, 782500, 390
